0.3021 1.5407 0.015
1.82387 1.503864 0.776018
1.19625 1.040184 0.129996
0.625225 0.841293 5.335787
0.525396 0.902905 5.321569
0.47865 0.7964 5.3772
2.682951 1.260848 4.567552
2.772457 1.395812 4.240525
2.702706 1.495577 4.520574
-1.172349 -1.716551 1.319544
-1.375717 -1.866413 1.838039
-1.570261 -1.615066 1.554458
-2.487746 0.382307 3.494146
-2.492034 0.230121 3.677091
-2.478584 0.487948 3.799819
-0.183841 2.705312 1.656922
-0.120951 2.683549 1.587658
-0.295073 2.659921 1.522551
1.070322 -0.673884 0.112734
0.939829 -0.505884 0.018894
1.247803 -0.510429 0.153074
2.973289 -0.547326 3.684129
3.013389 -0.203782 3.602463
2.997657 -0.276959 3.811969
0.262382 0.734239 5.480203
0.362527 0.751744 5.485426
0.322921 0.823143 5.378772
1.125593 -0.185729 5.252922
0.945601 -0.321113 5.223639
1.083753 -0.213979 5.178159
-0.258896 2.968592 3.407233
-0.023391 2.974697 3.434967
-0.107643 2.970047 3.226062
2.048514 2.334379 2.380052
2.153537 2.295335 2.689708
2.212593 2.172845 2.488457
-0.267331 -2.530327 3.154777
-0.124592 -2.540552 3.331605
-0.551014 -2.560852 3.513458
-0.100268 0.388396 5.377697
-0.212687 0.278491 5.415343
-0.133433 0.306166 5.46299
0.061724 0.494404 0.006457
0.571964 0.15446 0.010652
0.38194 -0.136645 0.008467
-2.178871 -0.742718 1.708064
-2.033208 -0.995446 1.516237
-2.1343 -1.057684 1.888262
0.894021 -2.424575 3.066569
0.633512 -2.433825 2.918909
0.835686 -2.336255 2.711592
2.07586 -0.997565 1.719911
2.17745 -0.914 1.7758
2.138195 -1.107862 2.074324
-2.1219 1.597937 3.147331
-2.150833 1.522597 2.92079
-2.215106 1.426311 3.033989
-0.527525 2.920757 3.756584
-0.368883 2.944542 3.761066
-0.430457 2.944389 3.600989
-1.880294 0.647083 0.887611
-1.762913 0.452312 0.736535
-1.938319 0.455974 0.996785
-1.8681 1.775 2.12015
-1.647439 1.987939 2.081664
-1.681619 1.92704 1.869176
0.655616 -0.412277 5.801929
0.551858 -0.404442 5.916459
0.475761 -0.477684 5.65205
0.122412 -0.416041 5.564457
0.024915 -0.273471 5.598631
-0.002177 -0.396362 5.515268
2.218834 1.495574 1.519241
2.303934 1.291887 1.615542
2.24522 1.247847 1.484508
2.945277 -0.411181 3.054631
2.829264 -0.704814 3.031047
2.871551 -0.416245 2.720101
-1.015674 -1.662241 5.339565
-1.497042 -1.426377 5.227874
-1.421529 -1.807334 5.109693
-2.4753 -0.15155 3.80675
-2.382861 -0.435906 4.132644
-2.364013 -0.141255 4.282254
1.099145 2.866828 3.364595
0.971978 2.880686 3.52313
1.18875 2.8333 3.8734
1.44845 2.49605 4.87205
1.564543 2.303609 5.099138
1.664593 2.535687 4.698853
0.783549 0.32001 5.631321
0.876983 0.430296 5.574448
0.768717 0.420825 5.617352
1.191802 0.424614 5.210712
1.228676 0.571387 5.277517
1.118735 0.424406 5.265906
0.038421 -1.030491 0.271093
-0.113702 -1.0872 0.341328
-0.181339 -0.913298 0.237665
1.132162 -2.154492 2.450495
1.361632 -2.062996 2.457119
1.223294 -2.174954 2.607148
-1.229134 1.47918 4.93004
-1.283 1.562213 4.848495
-1.579395 1.422415 4.992475
-0.91409 2.755215 3.480232
-0.842208 2.797096 3.653584
-0.748952 2.846243 3.490284
-1.149314 2.5461 3.161374
-1.073598 2.621219 3.05591
-1.196196 2.498075 3.018045
-1.033889 2.620363 2.576698
-0.915858 2.672278 2.41846
-1.127935 2.524779 2.454777
2.552761 0.410477 1.697614
2.441828 0.665119 1.578539
2.512507 0.554667 1.678755
1.990518 0.031519 0.654199
2.059966 0.226394 0.735461
2.18391 0.223373 0.90151
2.868126 0.375993 2.673183
2.836213 0.313458 2.490431
2.788364 0.479072 2.416817
2.741873 1.201882 2.878746
2.723608 1.396851 3.007476
2.787827 1.147424 3.09922
0.593055 -0.488308 5.562633
0.742356 -0.442796 5.488474
0.801702 -0.326087 5.655312
1.003727 -2.194933 4.479002
1.180173 -2.015442 4.593109
0.906165 -1.880994 4.720128
0.203998 2.876828 2.46047
0.344471 2.827708 2.297168
0.169262 2.823374 2.167533
1.9654 2.35647 2.160895
1.774865 2.44743 1.985613
1.767446 2.485143 2.15317
-1.378798 2.196852 1.829327
-1.348419 2.246152 1.953448
-1.248446 2.296562 1.703596
1.014699 0.836646 0.014522
-2.401552 -0.803073 2.618243
-2.354391 -0.763688 2.368611
-2.2199 -1.2886 2.5876
-1.651884 -2.156275 4.121526
-1.390982 -2.348269 3.909535
-1.397039 -2.316726 4.162531
-0.503464 -0.915731 0.165908
-0.389566 -1.046461 0.310456
-0.755526 -1.076845 0.245907
-0.381333 -0.138954 0.000482
-0.7764 0.3178 0.00275
-0.705821 0.284719 0.003813
0.957864 0.23591 5.533538
0.885159 0.20006 5.591211
0.922575 0.111917 5.556445
0.955173 -0.170013 5.4893
0.972823 -0.073609 5.508018
0.91555 -0.1602 5.5301
1.957513 -1.667528 2.834843
1.793478 -1.892009 2.769202
1.784626 -1.87148 2.687819
2.125025 -1.090877 4.328903
2.014063 -0.917759 4.546011
1.890741 -1.005343 4.523108
-0.194729 0.229531 5.484465
-0.271714 0.242464 5.399014
-0.251158 0.151739 5.442612
-2.415871 0.272886 4.257158
-2.302765 0.227221 4.581314
1.412379 2.618903 1.98217
1.472587 2.625765 2.112071
1.604812 2.557287 2.041047
-0.226209 2.549334 1.218858
0.352363 2.580536 1.52727
1.1079 2.5241 1.2708
0.544826 -0.240697 6.323937
0.777222 -0.297967 6.189505
0.671025 -0.162345 6.465406
0.772804 0.30022 6.219858
0.843115 0.359146 6.299797
0.8614 0.3615 6.3099
-2.13065 1.486943 4.378859
-2.134946 1.333794 4.666337
-1.929791 1.559787 4.588945
-1.76105 1.941922 3.092477
-1.840387 1.862944 3.259238
-1.631723 2.044133 3.224485
-0.130602 -0.59664 5.350775
0.006163 -0.625879 5.321435
0.046014 -0.566174 5.387926
0.413534 -0.720243 5.226439
0.2938 -0.73115 5.16415
0.471345 -0.876383 5.108074
0.890078 -1.749451 1.316279
1.16277 -1.750135 1.500721
1.239314 -1.889761 1.882718
1.93245 -1.06065 1.5446
2.0893 -0.87335 1.5285
-2.16414 -0.259866 1.455587
-2.200644 -0.457886 1.602611
-2.253937 -0.264823 1.709223
-2.201324 1.266775 2.254743
-2.278125 1.076714 2.439259
-2.188852 1.371277 2.482987
-1.3566 -0.1576 0.0157
-1.30452 -0.275259 0.017297
-1.345243 -0.071829 0.034118
-1.848477 0.159743 0.871915
-1.947088 0.195412 1.031631
-1.84689 0.290671 0.86105
1.3191 -0.12765 5.06115
1.212276 -0.12633 5.139025
1.286664 -0.227561 5.048317
1.1734 0.3862 5.1925
1.288553 0.322232 5.16875
1.737579 0.320697 5.022781
1.962548 -1.784494 3.176433
1.996303 -1.775743 3.395095
1.883134 -1.91086 3.134246
1.058268 -2.391967 4.151061
1.327067 -2.393669 3.938944
1.381141 -2.19587 4.367209
-0.081489 -0.040358 5.6119
-0.143963 -0.093849 5.5423
-0.080095 -0.123529 5.588952
0.113687 0.224135 5.822152
0.209121 0.248301 5.939449
0.222134 0.374719 5.71885
0.47543 2.270783 4.99658
0.42265 2.55415 4.75395
0.269097 2.27763 5.024898
1.017479 2.879713 3.321658
0.848536 2.895522 3.445511
-0.728861 2.78355 2.499417
-0.89752 2.717566 2.697812
-0.464854 2.91877 2.970848
-0.418533 2.907429 2.771571
-0.641515 2.860726 2.907387
1.215601 2.732982 2.282267
1.063752 2.729203 2.106294
1.078392 2.760318 2.301361
1.256079 2.83025 3.208548
1.636506 2.707812 3.616971
1.478673 2.752185 3.234442
0.849288 0.520782 5.548112
0.784311 0.782934 5.355689
0.704143 0.74467 5.381251
0.786281 0.723981 5.393599
-0.218641 2.587337 4.818428
-0.06961 2.69604 4.677942
-0.383289 2.747934 4.555721
-1.042577 2.142024 4.739696
-0.918027 2.356544 4.767478
-1.185172 2.109597 4.527696
2.720601 -0.743724 2.725271
2.703141 -0.655369 2.528549
2.103424 -1.506353 3.521164
2.066419 -1.596381 3.169998
0.531207 -2.051167 1.778005
0.339387 -1.797859 1.211298
0.742784 -1.935908 1.627187
-1.046553 -2.264882 2.492875
-0.728157 -2.043319 1.692935
-0.30754 -2.287601 2.172234
2.05162 2.439477 3.766938
2.235969 2.283517 3.63691
2.080622 2.428515 3.522221
2.783196 1.4249 3.709836
2.731304 1.633314 3.60435
2.756855 1.599012 3.741756
2.646275 1.577366 2.886958
2.63684 1.426587 2.653502
2.550502 1.546794 2.466849
2.243702 1.701892 1.707221
2.326154 1.624704 1.872044
2.29458 1.498769 1.686936
-1.01882 -0.169905 5.229311
-0.479 -0.0372 5.2826
-0.785731 0.004606 5.261676
-0.454151 -0.996856 5.325105
-0.312381 -0.673493 5.331026
-0.578989 -0.844341 5.311635
-1.239993 2.060086 1.045574
-1.173433 2.209959 1.276352
-1.121415 2.155187 1.056183
-1.689369 0.890694 0.626177
-1.780532 0.942316 0.755095
-1.649475 1.156779 0.629443
0.674308 -0.681198 5.222542
0.66263 -0.57904 5.345851
0.537467 -0.613628 5.360085
1.04014 -0.900438 4.952722
1.161875 -1.063242 4.894669
1.111204 -0.836458 4.9553
0.627026 -1.394289 0.608765
0.623423 -1.263533 0.445543
0.853724 -1.256868 0.491243
1.763417 -0.44953 0.61581
1.98734 -0.412347 0.864985
1.86515 -0.7022 0.9334
2.642848 -0.32803 2.007231
2.562519 -0.634767 2.134793
2.553343 -0.465188 1.930274
2.444769 0.435994 1.45477
2.514045 0.233141 1.545466
2.447484 0.268982 1.41541
2.87906 0.524425 3.864379
2.878489 0.694928 3.714659
2.810621 0.657664 4.035798
1.695875 -0.136861 4.933507
2.010269 -0.1224 4.853673
1.732278 0.092327 4.976276
-1.573359 2.081724 3.413966
-1.716466 1.956 3.477886
-1.567403 2.062663 3.616285
-1.138464 2.528693 3.766254
-1.205772 2.469977 3.638995
-1.317283 2.307914 3.79531
2.196727 2.17597 4.49293
2.337571 2.096088 4.286904
2.175945 2.275474 4.239555
2.38335 2.105833 4.007499
1.199502 0.356603 6.567962
1.143245 0.361977 6.418398
1.072931 0.507047 6.551208
0.645856 0.447791 6.491214
0.468428 0.283012 6.480234
0.68675 0.45785 6.57645
-1.138513 1.35984 5.025458
-1.359446 1.172588 5.197193
-1.47145 -0.091962 5.176974
-1.847316 -0.159062 5.024782
-1.54545 -0.442331 5.155131
-0.343744 -2.50698 3.985025
-0.791294 -2.54566 4.111462
-0.8814 -2.5616 3.8096
0.6124 -1.67865 4.85
0.297377 -1.774926 4.841944
0.392925 -2.065522 4.644109
-2.026818 1.241149 1.397976
-2.101362 1.011157 1.466833
-2.122873 1.152634 1.667693
-2.29035 1.0326 2.44335
-2.305445 0.784646 2.201739
-2.33232 0.732238 2.292065
-2.484307 0.205392 3.07784
-2.471821 0.116438 2.795128
-2.500737 -0.021967 3.120261
-2.403507 0.236732 2.363412
-2.410714 0.459773 2.553885
-2.344381 0.561939 2.230273
-2.357101 -0.787316 4.17301
-2.438256 -0.485586 3.902868
-2.282085 -1.329173 3.061557
-2.096399 -1.599034 2.962354
-2.169148 -1.592889 3.402577
0.459904 2.866361 2.570927
0.397022 2.911198 2.82126
0.5726 2.8633 2.6287
0.591541 2.903564 2.902782
0.319534 2.941977 3.012589
0.525067 2.92251 3.065822
0.47465 0.35945 6.34665
0.168614 0.168086 5.971192
0.27525 0.26325 6.0826
-0.24258 2.274377 5.061017
-0.563612 2.600849 4.740292
-0.551124 2.245553 5.039955
0.12381 0.918969 5.277946
0.202862 0.785465 5.367804
0.27945 0.85475 5.3482
1.616561 0.976276 0.496183
2.183356 0.462791 0.969998
2.223418 0.577044 1.09444
2.259144 0.354749 1.063891
-0.595228 -2.427245 2.655548
-0.97371 -2.416815 2.927072
-1.933184 -1.882605 3.158549
-1.607238 -2.198354 3.496506
-1.89311 -1.960136 3.549073
0.841678 -0.171485 6.43404
0.94359 -0.141643 6.395333
0.889165 -0.046875 6.578361
0.752695 0.114956 5.961893
0.744018 0.101676 5.808022
0.705434 0.166059 5.793131
2.569822 1.070899 2.153694
2.526679 1.359753 2.235215
2.628388 1.091361 2.352921
2.727468 0.479695 2.215137
2.691924 0.692684 2.25045
2.574345 -0.863354 2.590436
2.623515 -0.870615 2.736528
2.475962 -1.024423 2.766402
2.045103 -1.433121 2.579304
2.093805 -1.256775 2.261964
2.196262 -1.250279 2.569373
2.960257 0.34566 3.544317
2.921478 0.507961 3.246743
2.819735 0.974231 3.078425
2.761042 1.077767 2.842387
-1.653475 2.038096 3.032512
-1.748108 1.948915 2.91557
-1.909414 1.774088 2.474256
-1.823897 1.852818 2.384902
-1.969552 1.687982 2.208997
0.09697 -0.918673 0.179244
-0.214659 -0.694059 0.10199
0.052716 -0.723939 0.074542
-0.534229 -0.25769 0.00322
-0.896711 -0.08177 0.005022
-0.774671 -0.024517 0.000606
1.105507 2.678257 1.876928
1.16984 2.637472 1.738589
1.016533 2.653 1.777424
0.176939 2.778167 1.987783
0.399269 2.764566 2.043236
0.340037 2.736938 1.926859
-1.037284 2.306333 1.287868
-0.992986 2.378839 1.401901
-0.909518 2.401806 1.325845
-0.697185 2.565568 1.473276
-0.65275 2.6249 1.5896
-0.4601 2.6764 1.5938
-2.420583 -0.573327 2.487322
-2.219524 0.018127 1.609971
-2.287773 -0.116522 1.802412
-2.31267 0.024706 1.904011
1.696806 -0.927985 4.64961
1.862038 -0.729075 4.710582
1.660724 -0.654172 4.804197
1.017222 -0.681352 5.006922
1.2043 -0.7279 4.9286
1.048815 -0.66158 4.996271
-2.445951 0.733193 3.908728
-2.373813 0.912206 4.318094
-2.337723 1.164313 4.169782
-2.282635 1.268797 3.174281
-2.328408 1.186255 3.405413
-2.184301 1.511711 3.345206
0.724546 1.159245 5.305074
0.66244 1.252336 5.286304
0.587741 1.035329 5.305377
1.386962 2.047334 5.302059
1.241258 2.13824 5.19269
1.121798 1.836544 5.310956
-1.993619 1.355409 1.393428
-2.055752 1.351084 1.617673
-1.967558 1.483383 1.521625
-1.762227 1.310627 0.857804
-1.698421 1.449366 0.834957
-1.635548 1.388569 0.705228
2.706932 -0.284846 2.133063
2.767937 -0.322318 2.335238
2.693928 -0.470095 2.263958
2.5906 0.526399 1.851754
2.6615 0.2403 1.9373
0.994996 -0.232653 5.381041
0.0666 -1.04185 0.2737
0.013743 -1.183864 0.404437
0.189333 -2.002719 1.583377
2.7683 -0.8878 3.2354
2.453816 -1.147174 3.135578
2.625747 -0.928926 2.90647
2.707927 -0.937495 3.966526
2.465822 -1.050653 4.167769
2.520576 -1.117513 3.818032
1.041912 0.568723 5.429358
1.019016 0.516949 5.473367
1.04319 0.50472 5.449584
1.241498 1.699343 5.389301
0.98094 1.586741 5.313594
1.043327 1.253915 5.353172
-1.288298 -2.245495 4.59839
-1.8074 -2.0016 4.2655
0.174833 -0.686422 5.24916
0.043708 -0.73958 5.280236
0.119959 -0.92556 5.189966
0.015262 0.426601 5.490199
0.06806 0.246216 5.717669
0.164565 0.408508 5.648866
0.067229 0.333704 5.636111
0.767768 -0.577007 0.019375
0.87657 -0.782802 0.098433
0.795865 -0.96352 0.194894
0.968635 -1.044652 0.317156
0.847515 -1.111659 0.340719
2.168346 2.04695 2.012261
2.180961 1.895694 1.79442
2.060173 2.122393 1.844125
1.64035 2.194032 1.06565
-0.321915 2.897465 4.156226
-0.383586 2.932833 3.90405
-0.51649 2.874685 4.071849
0.100783 2.888818 4.180946
0.525778 2.807746 4.227187
0.310723 2.878051 4.098674
2.466765 -0.58924 4.54842
2.666234 -0.804908 4.244084
2.859588 -0.468874 4.15855
2.258867 0.18649 4.793082
2.238496 -0.216072 4.757868
2.4789 0.0064 4.6537
-1.791575 1.795667 4.084982
-1.662822 1.776688 4.322726
-1.613686 1.90226 4.082845
-1.172544 1.901704 4.655527
1.597959 -1.981175 2.575335
1.562829 -1.921805 2.367874
1.633759 -1.620563 1.887666
1.425519 -1.742622 1.7831
1.528311 -1.532391 1.526003
-0.810333 -1.066028 5.342973
-1.355764 -0.560864 5.22331
-1.20452 -0.447939 5.232274
2.746091 1.583766 4.164743
2.661795 1.760318 4.124114
2.650705 1.710983 4.398803
2.023463 1.603068 5.310308
2.340874 1.627277 5.020746
2.219759 1.853251 4.972914
2.30057 -0.301991 1.285904
2.098102 -0.474168 1.082426
2.295335 -0.143311 1.186099
2.440615 -0.237005 1.506283
2.355746 -0.309952 1.397474
2.37255 -0.110298 1.317999
-1.222189 -0.822297 0.154744
-1.334584 -0.44133 0.03276
-1.071613 -0.631242 0.028412
-2.139669 -0.031077 1.403785
-1.987555 -0.049942 1.066036
1.450104 2.608553 4.653832
1.577436 2.651357 4.470634
0.801071 2.656659 4.482069
0.652939 2.73423 4.357731
0.565629 2.67048 4.532772
-0.975665 0.335931 5.249254
-0.67694 0.252381 5.291663
-0.727518 0.590729 5.25333
-0.496705 0.800445 5.232986
-0.362378 0.860029 5.23062
-0.708754 0.919583 5.196698
-0.003201 -0.049736 0.004517
-0.238735 -0.085148 0.001383
-0.477023 0.394229 0.002838
0.374892 -0.553959 0.041285
0.384054 -0.720097 0.055661
0.206526 -0.634957 0.05891
-1.44837 2.235324 3.02343
-1.424944 2.25865 2.883969
-1.533787 2.141584 2.829374
-1.240028 2.405867 2.343822
-1.200011 2.459766 2.479664
-1.166515 2.472194 2.30401
-2.277791 1.368096 3.683171
-2.3739 1.099603 3.650211
-2.367202 1.133273 3.801995
-1.915419 1.756685 3.904592
-1.662918 1.937114 3.878983
-1.751583 1.915169 3.607153
2.364148 1.989001 2.617878
2.539044 1.808261 2.965375
2.462852 1.782747 2.479846
2.563328 1.910795 3.662644
2.6645 1.777825 3.877903
-2.037609 -1.686053 4.353382
-2.007392 -1.794154 4.153686
-1.298906 2.198985 1.512189
-1.469663 2.089423 1.689168
-1.866944 1.595655 1.378071
-1.800528 1.562539 1.136973
-1.891123 1.418189 1.196413
-2.463011 -0.766055 3.601282
-2.408852 -1.090656 3.419752
-2.346514 -1.306667 3.83744
-2.480136 -0.10474 2.750196
-2.506082 -0.219259 3.091394
-0.108082 -0.196138 5.538769
-0.389382 -0.451671 5.326637
-0.566236 -0.675069 5.306393
-0.28503 -0.421871 5.35093
-0.908784 -1.803302 1.315478
-0.225802 -1.461274 0.741739
-0.355765 -1.667481 1.000318
-0.409935 -1.538865 0.828565
-0.830618 2.675736 2.121484
-0.671622 2.765527 2.234055
-0.548301 2.740363 1.923039
0.119026 2.718545 1.771196
0.014743 2.738494 1.779937
0.085168 2.763659 1.899733
0.980261 0.293856 6.767972
0.943322 0.416703 6.763605
0.9448 0.2927 6.7629
0.4594 0.13 6.49935
0.620525 -0.028282 6.54721
0.719576 0.079799 6.647106
0.611087 -0.745478 5.143409
0.519134 -0.711883 5.226244
0.531449 -0.835325 5.098711
1.113113 -1.724669 4.743421
0.908817 -1.532716 4.841025
1.734744 2.654799 3.506837
1.919761 2.401248 2.201433
1.138938 0.117062 6.455835
1.20038 0.231332 6.513192
1.149183 0.130177 6.593578
1.016649 0.115198 6.247889
0.905078 0.001555 6.073317
0.84425 0.12365 6.0876
2.436841 0.947009 1.72832
2.515413 0.663693 1.7501
2.661074 0.895744 2.306148
2.625 1.04765 2.3075
-2.25125 0.43335 1.75775
-2.220805 0.149795 1.623886
-2.295461 0.175482 1.873676
-2.11856 0.817826 1.431536
-2.041215 0.601841 1.210751
-2.20215 0.63225 1.6598
-1.325221 1.056064 0.321643
-1.345863 1.277385 0.389232
-1.209681 1.089685 0.259792
-1.0861 1.22005 0.24095
0.765792 0.623234 5.502727
0.733251 0.565848 5.548244
0.8467 0.5199 5.5494
0.548374 0.301526 5.78174
0.607281 0.385042 5.674646
0.466668 0.450163 5.671699
0.705118 -0.513065 5.380692
0.668352 -0.503198 5.43743
0.856931 -0.394705 5.284251
0.959563 -0.289287 5.303285
0.80848 -0.432344 5.338255
-1.596527 0.659563 0.532064
-1.575878 0.89568 0.50507
-1.393377 0.086909 0.185505
-1.58173 -0.053712 0.376632
-1.536981 0.222967 0.468878
1.02325 -0.2487 5.31905
1.136385 -0.093588 5.338198
1.052327 -0.124522 5.410418
1.491762 -0.088648 5.000963
1.310306 0.052943 5.116784
1.259682 0.022156 5.139476
-0.871051 2.777555 3.311772
-0.596194 2.884747 3.03549
-0.48104 2.930581 3.148367
-0.375513 2.823474 4.352731
-1.265488 2.146743 4.276183
-1.076097 2.386073 4.482747
-1.100789 2.494981 4.158591
1.145386 0.151255 5.376233
1.160657 0.207218 5.34403
1.127187 0.254646 5.38227
0.90381 0.296651 5.569812
-1.483784 2.179556 2.491359
-1.563922 2.110157 2.713342
-1.39774 2.280389 2.712978
-1.584301 2.053259 2.165014
-1.459696 2.169745 2.127056
-1.512312 2.088805 1.926298
-1.84252 -0.709963 4.981157
-2.092206 -0.41763 4.711643
-2.222636 -0.475095 4.500757
-2.241664 -0.816546 4.476413
-2.102936 -0.728717 4.709721
1.822318 -1.922468 2.930917
1.952853 -1.747954 3.029657
1.03101 -2.339502 2.891525
-1.086891 -1.340766 0.64451
-0.994406 -1.594893 0.977189
-1.446826 -1.457716 1.133249
-2.04445 -0.77174 1.346958
-0.021988 1.275092 5.204235
-0.213621 1.329436 5.175922
-0.018946 1.08272 5.229224
-0.518825 1.078692 5.178529
0.298683 -0.66753 5.310906
0.322183 -0.46079 5.631528
0.332418 -0.524775 5.524704
0.692738 2.76108 2.180156
0.68261 2.721585 2.036268
0.556605 2.742723 2.075579
0.792068 2.808474 2.411891
0.658759 2.793673 2.347554
1.550686 -1.290937 1.156554
1.381441 -1.26173 0.874772
1.53438 -1.12483 0.91293
1.197445 -1.031697 0.43362
1.443019 -1.024002 0.679032
1.280887 -1.158727 0.645531
0.901804 -0.111539 5.618819
0.858152 -0.177657 5.871712
0.882203 -0.217571 6.084177
0.85815 -0.20155 5.8944
1.005535 0.944576 5.369924
1.102855 0.861544 5.398018
1.202192 1.170284 5.404881
1.825049 1.062597 5.406133
1.625343 0.788676 5.327285
2.004233 0.966189 5.296282
-0.433913 -0.078934 5.295925
-0.453559 -0.249441 5.304064
-0.356505 0.036281 5.338212
-0.420098 0.213521 5.322227
-0.510533 0.033038 5.30514
-0.168255 2.656238 1.50326
0.252229 2.705923 1.804256
-2.454896 0.327509 2.794747
-2.423224 0.506956 2.722194
-2.235788 1.310465 2.681507
-0.569208 -2.289132 4.684841
-0.179001 -2.337236 4.350389
-0.008975 -2.053976 4.69243
-0.463325 -2.11724 4.853214
-0.43032 -1.799726 5.10546
-0.868165 -2.061457 4.99996
0.195738 2.96691 3.374141
0.093404 2.963496 3.221965
0.36588 2.89629 3.961671
0.62075 2.8043 4.1729
0.52194 2.882249 3.895003
2.2785 1.7887 1.8626
2.269803 2.018828 2.30803
0.163454 -0.482446 5.510845
0.221325 -0.406176 5.638719
0.0808 -0.3572 5.57745
-0.016414 -0.09744 5.659153
0.103206 -0.100064 5.853715
0.017876 -0.021042 5.758928
0.220079 1.154027 5.246714
0.539455 1.458918 5.241217
0.251572 1.493452 5.215403
0.506889 1.085485 5.293826
-1.735905 -1.955019 2.719996
-1.677533 -2.097072 3.149763
-1.892253 -1.884291 2.961339
-1.796 -1.6353 1.98005
2.745418 0.168188 2.151326
2.67437 0.216386 1.967386
2.695507 0.335824 2.055243
2.928436 -0.012336 2.794924
2.898324 -0.139685 2.667411
2.878695 0.083523 2.569184
0.461038 0.611234 5.549077
0.43323 0.525208 5.611126
0.53605 0.560362 5.574585
0.275268 0.602185 5.540234
0.287054 0.523319 5.602407
0.363308 0.578776 5.576343
1.065883 0.135946 6.69347
1.014109 0.114637 6.700132
1.067663 0.059621 6.615645
0.96865 0.1732 6.75675
1.05205 0.2279 6.77365
0.960349 0.261932 6.762132
1.695121 -1.602077 4.527372
1.386839 -1.781891 4.666261
1.501467 -1.913023 4.552502
-2.04384 1.513222 1.906211
-1.966782 1.570892 1.700454
-2.098017 1.494802 2.195498
2.986621 0.17445 3.24972
2.957532 -0.048196 2.940223
2.965871 -0.197881 3.013222
2.916883 -0.197142 2.772151
1.869443 -0.003709 0.527045
1.829148 0.145117 0.443686
1.91876 0.253774 0.545963
1.073037 -0.0694 0.005816
0.548902 -2.423897 2.844714
0.304083 -2.437963 2.826432
0.680033 -2.347955 2.639774
0.331149 -2.167877 1.993558
0.260974 -2.311342 2.339476
0.10711 -2.224856 2.063558
0.691778 0.2631 5.711364
0.611289 0.251712 5.792342
0.757821 0.182363 6.052263
0.71089 0.253302 6.115647
0.832494 0.193044 6.151006
2.168287 0.648987 1.033807
2.220258 0.713013 1.154349
2.320207 0.854882 1.435864
-0.559014 -1.2185 5.355327
-0.466326 -1.392224 5.32094
-0.329675 -1.183497 5.307947
-0.040187 -0.954386 5.256124
-0.158776 -1.248659 5.235546
-0.590999 2.254961 0.775197
-0.879573 2.482359 1.487342
-0.745419 2.493147 1.324655
-1.165256 0.332774 0.124356
-1.153226 0.459099 0.153256
-1.061314 0.398608 0.068285
-1.2407 0.1159 0.0249
-0.940771 0.068493 0.007727
-2.144548 0.273483 4.854704
-2.262366 0.516667 4.733253
-1.897897 1.4448 4.834288
-1.378131 2.285874 3.56728
-1.102113 2.594438 3.338284
-1.001423 2.689347 3.396694
-1.02792 2.668668 3.259886
-2.353147 0.38044 2.177965
-2.3454 0.2485 2.07215
-2.487602 -0.3091 2.831017
-2.481589 -0.452846 2.800019
-2.499345 -0.432266 3.059343
-1.662586 -0.987598 0.804083
-1.409897 -1.240062 0.776136
-1.779037 -1.197467 1.231571
-1.452234 -0.807261 0.353648
-1.161535 -1.118221 0.405075
-0.332464 2.868035 2.355278
-0.164023 2.834824 2.177691
-0.307052 2.789465 1.985838
-0.268714 2.939455 2.885432
-0.210372 2.923912 2.720386
1.570777 2.640543 2.438345
1.519793 2.691084 2.65573
1.625295 2.63779 2.584546
1.36532 2.728572 2.51641
1.413976 2.68361 2.325917
1.223935 2.759219 2.464035
0.841863 1.686917 5.24152
0.852903 1.901284 5.176899
0.64641 1.834754 5.17328
0.576816 2.488188 4.783103
0.778681 2.505248 4.703181
0.652681 -2.489785 3.272242
-0.020619 -2.533232 3.501366
-1.010435 1.167684 5.147101
-0.930463 0.694369 5.223822
1.949791 -1.602488 2.66961
1.84669 -1.711363 2.525685
1.941696 -1.191884 1.779924
1.695464 -1.344158 1.517417
-1.320999 1.912205 0.880518
-1.473191 1.763275 0.845377
-1.32892 2.022849 1.108578
-1.330161 2.087823 1.271153
-1.46008 1.904902 1.080376
-1.512363 1.92411 1.250583
0.985782 0.663096 5.44166
1.0701 0.6818 5.36855
0.958977 0.734162 5.415708
0.81935 0.64575 5.48135
0.84419 0.680104 5.445229
0.761076 0.674094 5.446713
-0.244907 1.526858 5.155907
-0.121556 1.645307 5.162185
-0.17029 1.865917 5.135834
-0.79271 1.113937 5.174185
-0.543491 1.423165 5.126505
-0.761726 1.378579 5.106873
2.843945 0.768647 2.932931
2.776701 0.780109 2.629284
2.761066 0.936344 2.699542
2.478096 0.567765 4.651817
2.590824 0.333874 4.539098
2.786273 0.541527 4.172915
2.379602 0.914303 4.896072
2.515603 0.797626 4.681319
2.672007 0.895302 4.380655
1.940476 2.184655 1.652021
2.077763 1.953907 1.585397
1.905179 2.185645 1.541768
1.376851 2.565434 1.697733
1.327647 2.620914 1.845822
1.537039 2.521608 1.77732
2.464822 1.460366 2.128455
2.502346 1.199608 2.050338
2.413164 1.443655 1.969401
2.290427 1.074769 1.482583
2.328324 1.195616 1.62164
2.365629 1.084959 1.646386
1.1175 0.4185 6.7689
0.927435 0.516253 6.72254
0.819914 0.448935 6.34659
0.638531 0.33935 6.197489
0.791097 0.514252 6.489474
0.554606 -1.131167 0.315069
0.655599 -1.02623 0.21611
0.28065 -0.80025 0.0917
1.135512 2.652079 4.500371
0.924128 2.664724 4.443768
0.93975 2.55665 4.62805
0.664302 2.815754 4.096424
0.712049 2.840258 3.939492
1.035113 -2.481348 3.77441
1.275097 -2.321492 3.118545
1.420409 -2.294878 3.226791
1.121253 -2.446653 3.446449
-2.318622 -1.324427 3.298632
-2.291665 -1.412915 3.5367
-2.458864 -0.691894 2.839642
0.613454 2.829921 2.493843
0.742729 2.867697 2.740853
1.038244 2.811 2.619394
1.140563 2.818546 2.796206
2.3225 -1.22045 2.94255
2.288465 -1.288684 3.115374
2.202782 -1.37839 3.095435
2.085516 -1.46312 2.808672
2.251786 -1.243744 2.714415
2.703062 -0.985119 3.716492
2.534945 -1.108903 3.458399
2.227979 -1.360078 3.350522
1.767464 2.575795 4.38046
1.709586 2.65761 4.108418
1.548601 2.711296 4.281863
2.116486 2.37841 3.917658
2.092024 2.374748 4.089419
2.24812 2.268386 3.882555
1.209087 -0.039189 5.284926
1.194735 -0.124997 5.229836
1.728084 -1.355479 4.50081
1.4559 -1.5154 4.7319
1.188522 -0.938467 4.915208
-2.459491 0.698329 3.61953
-2.413119 0.916823 3.629701
1.396671 0.226226 5.10708
1.33561 0.277342 5.134952
1.213747 0.190201 5.145649
1.178528 0.231832 5.242007
-0.107397 0.169903 5.571151
-0.000387 0.232787 5.657046
-0.054809 0.298234 5.54305
-0.048236 0.031788 5.652318
-1.853353 1.71954 1.618539
-1.575689 1.92991 1.424921
1.745493 2.601041 2.786666
1.688554 2.643581 2.937991
1.890702 2.535762 3.099175
2.077223 2.411159 3.118369
1.939911 2.49099 2.835537
-2.392081 0.662325 2.679702
-2.4506 0.41655 2.82495
-2.375971 0.935243 2.948226
-2.419951 0.763199 3.057776
-2.412327 0.887485 3.30437
-2.367128 1.00196 3.068357
1.390383 -2.098119 2.583858
1.541372 -2.087229 2.748735
1.563597 -2.176393 3.014401
1.338016 -2.177435 2.739424
0.076661 -1.221438 5.126942
0.15439 -1.356126 5.060643
0.384516 -1.277489 5.006355
0.238874 -1.101365 5.100684
0.233949 -0.657145 5.31561
0.220161 -0.600813 5.389928
0.13057 -0.630711 5.325689
0.261011 -0.480256 5.54655
2.432665 1.993907 3.016453
2.544239 1.885087 3.262381
2.201905 2.322644 3.301643
-1.833269 -0.500613 0.73558
-1.594599 -0.51775 0.348831
-1.743 -0.80925 0.74215
-1.718022 -0.040062 0.59276
-1.637758 0.122934 0.550639
0.09466 -0.453305 0.024931
-0.741951 0.0558 0.00092
-0.720492 2.675962 1.893063
-0.863488 2.611166 1.896813
-1.117823 2.455619 1.942408
-1.12759 2.419788 1.788694
-1.238333 2.344092 1.922948
2.761656 1.45805 3.36632
2.77879 1.436401 3.546335
2.808649 1.214268 3.485588
2.82339 1.029464 3.826293
2.792013 1.306238 4.110648
2.76762 1.094305 4.195494
-2.108267 -1.255814 2.132232
-2.003006 -1.229649 1.758942
-1.999465 -1.470523 2.188672
-2.191257 -1.404385 2.839163
-2.114631 -1.401779 2.470996
0.577361 0.653106 5.514919
0.579188 0.799412 5.350426
0.545237 0.753161 5.419565
-0.699348 -1.619124 0.93107
-0.758457 -1.460973 0.720403
2.171301 1.422489 1.382425
2.153352 1.590456 1.420557
1.992079 2.01319 1.460534
0.421437 2.939194 3.200029
0.267649 2.953396 3.162347
0.153256 2.913602 2.674798
-0.015066 2.910917 2.639786
-0.066455 2.941695 2.883378
0.877744 2.732361 2.068322
0.960258 2.762076 2.2275
0.888469 2.658078 1.80332
0.898751 2.687085 1.910216
0.223536 2.676438 1.696325
0.364256 2.6724 1.74902
0.424841 2.639829 1.689988
0.597865 2.695218 1.940296
0.757103 2.686422 1.908595
0.608617 2.664709 1.830838
0.32714 0.313596 5.881558
0.476953 0.294785 5.907771
0.511714 0.349215 6.235484
0.668199 0.436588 6.400663
0.586507 -0.581052 5.40531
0.336548 -0.606813 5.404601
0.49145 -0.6132 5.3653
0.436775 -0.558635 5.454599
-1.018323 -0.951694 0.15964
-0.755877 -0.836308 0.025167
-0.735158 -0.553561 0.00406
-0.858507 -0.258121 -0.000087
-0.576056 -0.529523 0.005601
-1.14102 1.707059 0.480364
-1.145038 1.973602 0.782924
-1.52949 1.627242 0.750585
-1.461182 1.652326 0.695573
-1.526442 1.541675 0.663785
-1.911039 1.71943 4.117094
-1.975639 1.634485 4.29402
-1.796674 1.665263 4.479276
-2.162166 1.561872 3.611145
-2.181636 1.523024 3.901123
-1.967688 1.739541 3.673015
1.760112 2.382901 4.894667
2.088733 1.296705 5.332625
1.789789 1.240396 5.461545
-1.021467 2.667366 3.615322
-0.909203 2.739406 3.806626
-0.678524 2.762318 4.3197
-0.808034 2.774437 3.989799
-0.633496 2.846473 2.706274
-0.785132 2.785045 2.751567
-1.091632 -2.501392 3.839262
-1.441825 -2.20539 2.942823
0.299686 0.675433 5.517473
0.389377 0.666411 5.527528
-0.0237 0.75035 5.28325
0.088667 0.596017 5.375764
0.107023 0.638411 5.372863
-1.254233 2.315775 4.002348
2.937161 -0.610261 3.392183
2.834091 -0.854917 3.505761
2.108493 0.650605 0.938102
2.06459 0.556855 0.814198
1.963378 0.673736 0.74385
1.902367 0.38962 0.53092
-0.498203 2.820272 2.229503
-0.372611 2.727817 1.733333
-0.404766 2.660395 1.538406
1.97085 1.18715 0.98425
2.065481 0.963954 1.052225
2.277812 1.167416 1.51092
0.825575 1.506744 5.287756
0.692995 1.525175 5.257086
0.915075 1.257895 5.322568
0.897932 1.025889 5.344381
-2.383221 -0.380492 2.220937
-2.415345 -0.268451 2.373785
-2.373264 -0.080414 2.111271
-2.411325 -0.000798 2.306224
-2.456826 -0.202139 2.565428
0.9896 -0.0344 6.20635
1.093266 0.070537 6.361478
1.037279 -0.052526 6.403132
-1.624794 2.047592 2.507761
-2.05585 1.623 2.54215
-1.809921 1.886384 2.751929
-1.815693 1.875487 2.604139
-1.955942 1.7636 3.297834
-2.0094 1.716276 3.129946
-2.049651 1.682441 3.332722
-1.856097 1.838498 3.502712
-1.867253 1.832626 3.412233
-1.979361 1.737035 3.493099
-1.281512 2.40967 3.120676
1.436412 -0.630077 4.870289
1.134036 -0.57215 4.981326
1.2043 -0.7279 4.9286
1.097729 -0.237371 5.094142
2.322846 -0.703829 1.710488
2.472386 -0.51408 1.792753
2.355369 -0.494081 1.554336
2.527431 -0.339544 1.749625
2.975565 0.195424 3.68337
3.009527 0.088789 3.459931
2.434813 -0.328292 4.640651
2.86858 -0.014497 4.205068
-0.212696 -0.152089 5.468299
-0.316735 -0.153554 5.333258
-0.329602 -0.054413 5.351089
-0.996316 -0.845961 5.302741
-1.274937 -0.929391 5.297916
0.448001 -0.264738 6.209574
0.27049 -0.231194 6.019504
0.423313 -0.314022 6.085434
0.208955 -0.167923 5.971032
0.070749 -0.219197 5.689809
0.242043 -0.285159 5.861059
2.403842 -0.980527 2.427454
2.414773 -1.015418 2.562811
2.250158 -1.150237 2.469356
2.34732 -0.828032 1.990876
2.44925 -0.6031 1.8402
2.500051 -0.712606 2.102559
2.40625 0.3073 4.72915
2.219652 0.613698 4.895829
2.084772 0.752993 5.085087
0.232035 -2.057645 4.659869
0.823468 -2.395859 4.181969
0.553121 -2.49793 3.851574
0.889258 -2.499269 3.717105
-1.375837 0.356283 0.331013
-1.482047 0.379587 0.422331
-1.391212 0.49932 0.345815
-1.280896 0.369102 0.231436
-1.209784 0.549318 0.214083
2.375719 1.209792 1.723961
2.54625 0.942957 1.993315
2.4744 1.0474 1.8627
2.467386 1.175324 1.933496
0.847064 -0.472358 5.093699
0.789608 -0.527874 5.139139
0.962748 -0.684006 5.021954
0.938762 -0.510962 5.056285
0.903803 -0.407248 5.087566
2.575006 -0.139672 1.738562
2.470258 0.09988 1.444774
2.979125 0.104222 3.082765
2.928523 0.201077 2.835609
2.925619 0.399159 3.037211
2.885316 0.514031 2.868772
0.865065 -2.01275 1.893427
1.103281 -1.966065 1.948839
1.232942 -2.028833 2.222453
1.101156 -2.111527 2.299739
-0.169204 2.828779 4.384562
0.347217 2.754911 4.435621
2.843668 -0.250451 4.24375
1.90995 -0.485662 4.802932
1.064547 0.388413 6.392004
0.876418 0.163592 6.161162
0.038368 1.726062 5.166292
-0.021779 2.084193 5.114244
0.161746 1.97685 5.134191
0.458592 1.741159 5.187213
1.03209 2.8723 3.198539
0.93895 2.861 2.8583
0.787621 2.905366 3.30889
1.033441 2.862611 3.005195
0.968592 2.858634 2.878167
-2.221935 -1.431747 4.328093
-2.37416 -1.045681 4.094577
-2.21859 -1.230012 4.521383
-2.055661 -1.101905 4.811508
1.206014 0.103733 5.292032
1.223881 0.084221 5.239099
1.207782 0.161175 5.235476
1.017152 0.473452 5.485631
1.0129 0.367221 5.494078
1.069519 0.413204 5.425337
1.005146 0.272964 5.497121
1.071378 0.25462 5.444805
1.524767 -0.579877 0.434458
1.310802 -0.668497 0.263888
1.423805 -0.490034 0.287768
1.455446 -0.83502 0.52457
2.324325 1.179136 5.147475
2.50011 1.174129 4.924484
0.839401 0.102985 5.663413
0.781378 0.093013 5.739575
0.836737 -0.038197 5.752919
0.873136 -0.026214 5.961714
0.830733 0.019102 5.991752
0.89899 -0.071239 6.012568
2.145152 0.771426 1.069902
2.025224 0.898539 0.95407
-0.848657 1.718731 5.024076
-0.884112 2.068488 4.939608
-0.514605 1.880889 5.085592
-0.651395 1.673982 5.086668
-0.455723 1.610947 5.121753
1.075797 -1.172539 0.502433
1.250029 -1.644459 1.376005
2.340337 1.76565 2.039282
2.297783 1.918928 2.197382
2.37055 1.8182 2.204
2.390333 1.580108 2.018433
-0.134769 -0.334558 5.463631
-0.077476 -0.2807 5.513855
-0.16744 -0.228603 5.468906
0.1257 -0.5248 5.4586
-0.065242 -0.483638 5.4307
0.392138 -1.205849 0.383304
0.205518 -1.279049 0.479142
0.576662 -1.724509 1.118679
0.8546 -0.998559 4.972828
1.002506 -1.140112 4.915593
0.612339 -0.875625 5.047228
1.881012 2.561327 3.752398
1.576147 2.734632 3.910233
0.74661 -0.466854 5.421901
0.857907 -0.366066 5.388438
-1.995923 1.263905 4.914514
-2.194018 1.097979 4.741045
-2.022506 1.057241 4.991794
-1.529853 1.019735 5.204851
-1.759428 1.270249 5.076556
-1.888917 0.928954 5.114736
-1.053969 2.47033 1.800597
-1.992208 1.705657 2.701249
-1.96389 1.74648 2.859343
-2.121304 1.563553 2.762601
-0.303657 1.000577 5.213354
0.071397 0.757662 5.298499
-2.022707 1.12589 1.301543
-1.802672 1.331078 0.944391
-1.830984 1.377576 1.026438
2.041887 -1.46913 3.866569
1.969703 -1.60873 3.991997
2.017687 -1.685605 3.698183
1.883183 -1.399504 4.263407
2.049814 -1.245123 4.17687
1.911008 -1.108003 4.427128
1.140126 -0.37723 0.04068
1.722545 0.217815 0.335817
-2.090894 -1.702617 3.298634
-1.855693 -1.98694 4.059325
0.486542 -2.311758 2.442116
0.155779 -2.369257 2.526057
-0.542734 0.40148 5.292777
-0.350684 0.615952 5.278238
-0.494096 0.626546 5.26754
-0.3203 0.2556 5.3324
1.99934 -1.276435 2.079607
1.994733 -1.41505 2.335807
1.90873 -1.510722 2.294157
1.811375 -1.526912 2.087298
-0.829653 2.717536 4.189983
-0.96902 2.640448 4.145407
-0.961093 2.593622 4.330825
1.8065 -1.6355 2.281
1.82923 -1.650063 2.364608
1.721817 -1.754018 2.321161
1.52213 -1.87721 2.196658
1.452021 -1.96791 2.311189
-1.674103 0.225068 5.155567
-1.400292 0.548638 5.215851
-1.239912 0.776896 5.219525
-1.325674 0.925458 5.219149
-0.092705 2.970159 3.643795
-0.165168 2.977369 3.517897
0.149739 2.938414 3.904058
-0.085704 2.951716 3.844667
-2.480912 0.034529 3.783308
-2.507055 0.039095 3.420791
-2.482845 -0.171265 3.703885
-2.493404 -0.307934 3.531091
-2.506176 -0.209478 3.294159
-2.490311 -0.578477 3.319764
-2.08345 0.23595 1.2834
-2.146321 0.389538 1.452184
2.459264 1.984865 4.198851
2.63306 1.821675 4.054346
2.6284 1.7682 4.3491
0.822743 -0.325557 0.011639
0.987081 -0.368952 0.010946
0.345516 -0.366594 0.014087
0.458086 -0.473596 0.032992
0.2548 -0.4368 0.0334
-1.907702 -0.829171 1.063934
-1.998152 -0.685724 1.192027
-1.96559 -0.523278 1.023841
2.147869 -0.503545 1.174218
1.981131 -0.699492 1.107738
-2.326748 0.496513 2.111586
-2.283541 0.625464 2.004862
-2.30445 0.27515 1.9309
2.925396 -0.562585 3.923918
2.869882 -0.767888 3.848079
0.285878 -0.630988 5.363294
0.295711 -0.570124 5.449178
2.530543 1.507271 2.361201
2.644743 1.281661 2.557707
2.621124 1.18939 2.406287
2.687938 1.360068 2.798831
-1.457889 1.234361 0.4525
-1.386537 1.522496 0.51812
-1.348341 1.730466 0.67172
0.989035 -0.333808 5.077412
1.123 -0.5111 4.99665
0.835806 0.180231 6.706243
0.9448 0.2927 6.7629
0.783471 0.253616 6.684362
0.666528 0.294183 6.627112
0.771859 0.392194 6.683055
2.884105 0.687983 3.228916
2.852 0.88195 3.36995
2.863504 0.844017 3.496852
2.831099 1.064112 3.59755
2.810378 1.251847 3.887529
1.09955 2.824065 3.967508
1.07053 2.789022 4.112663
1.314459 2.776875 4.170603
-0.355266 2.940478 3.005062
-0.257475 2.960824 3.158631
-0.239475 2.953958 3.011144
0.724519 -0.555782 5.31808
0.776078 -0.480004 5.288709
0.761295 -0.475924 5.361701
0.830993 -0.430768 5.246228
-1.149832 -1.335257 5.325966
-1.47251 -1.087077 5.266183
0.68996 0.336566 5.679272
0.746576 0.175526 5.724818
0.807702 0.19426 5.660494
-1.747221 1.793419 1.467973
-1.734474 1.741681 1.282168
1.732662 -1.951086 4.320882
1.92444 -1.831176 3.974484
1.869135 -1.658678 4.252033
1.80821 -2.102948 3.458563
1.924259 -1.933475 3.663734
1.800261 -2.096032 4.024086
0.306816 -1.522305 4.958955
0.3184 -1.525 4.9542
0.623018 -1.098497 5.005374
0.505633 -0.955336 5.058563
0.59045 0.24915 5.948
0.572435 0.261226 5.968274
0.610844 0.22227 5.885257
0.394356 0.318665 6.022719
0.5126 0.275685 5.984355
1.588648 0.571308 0.265653
1.24681 0.47305 0.037653
-1.046707 0.900504 0.150021
-0.749087 0.684185 0.040615
-0.833073 0.403606 0.007199
-0.956925 0.300416 0.007117
-0.982813 0.530842 0.059491
2.25595 0.04595 1.038
2.272062 0.578178 1.182025
2.358375 0.321145 1.241969
0.465885 0.689566 5.507372
0.437324 0.787991 5.416545
1.025939 -0.010968 5.471189
1.058816 0.118104 5.452215
0.97013 0.038273 5.51635
1.170687 0.024747 5.356989
-1.215925 2.459232 2.610644
-1.387288 2.281006 2.527911
0.456754 -0.137097 6.396941
0.083198 -0.013833 5.875462
0.1935 0.14735 6.06025
0.049894 0.083653 5.800936
-1.611249 1.529122 0.757693
-1.439932 1.399106 0.512052
1.16212 0.219185 6.696208
-1.299453 2.390405 3.366617
-1.343175 2.337262 3.450229
-1.239105 2.448832 3.516858
-1.359509 2.328689 3.205001
-1.474392 2.20091 3.213135
-1.408315 2.267239 3.381748
-1.118542 -1.886977 5.175148
-1.232641 -2.017231 5.008641
-1.614168 -1.879788 4.844577
-1.961172 -1.713567 2.666085
-0.2463 2.964687 3.652514
-1.017873 2.280567 1.190552
-0.952623 2.308379 1.158341
-1.012559 2.233247 1.075685
-0.766726 2.437113 1.20999
-0.616296 2.520631 1.26749
-1.745262 -1.518772 1.647256
-1.88062 -1.496882 1.891368
-1.838177 -1.350567 1.551843
-1.96025 -1.04825 1.39485
2.848898 0.811502 3.045142
2.88271 0.620786 3.015257
1.539299 2.491165 1.666365
1.093786 2.613533 1.613245
0.861256 -2.169493 2.269244
0.981526 -2.201675 2.442675
2.148417 2.181236 2.264471
-1.229424 -2.433299 3.624295
-1.319391 -2.347563 3.304752
-0.922484 -2.529214 3.491927
-0.74282 -2.511565 3.108735
1.004152 -0.023136 6.556927
0.971693 0.083753 6.692542
0.81222 0.052747 6.664291
-1.49856 1.745542 4.51339
-1.544563 1.852185 4.282379
-1.651188 1.550925 4.801013
-1.8219 1.55985 4.69575
2.632282 0.086528 1.830121
2.50814 1.981889 3.825218
-2.232824 -0.147613 1.636753
-2.153509 0.116932 1.446314
-2.159461 0.262132 1.473624
0.44625 0.8264 5.351
0.332028 0.949932 5.301989
-1.329541 2.324369 2.385803
-0.264982 -0.917953 5.306598
-0.089534 -0.764373 5.310129
0.796184 -0.686548 5.042279
0.644527 -0.770955 5.064774
0.709602 -0.988395 5.006084
0.738049 -0.590193 5.248272
0.686699 -0.684313 5.146117
0.745279 -0.596259 5.129673
1.594778 0.236026 5.053813
1.601164 0.201344 5.042781
2.3336 0.6082 4.8046
2.250067 0.526067 4.839936
1.926636 0.271162 4.950861
-0.767856 2.823165 3.091472
-0.838692 2.774905 2.932533
-0.97065 2.7059 3.07905
-1.016688 2.649991 2.791419
-1.03395 2.643 2.87765
-1.004894 2.672091 2.973125
1.080584 0.325702 5.431586
1.127966 0.335309 5.287262
1.096428 0.395254 5.352808
1.103971 0.338996 5.385097
0.876684 -0.006673 5.629078
0.847461 -0.155243 5.783651
-0.314402 -0.880297 0.179575
-0.255144 -0.604157 0.036637
-0.364139 -0.609683 0.007031
-1.124768 2.301878 1.419804
2.723382 0.794523 4.254066
2.800064 0.777187 4.029981
2.621207 0.703311 4.454464
2.739533 0.623492 4.254123
2.78328 0.320548 2.303507
2.699847 0.433035 2.114044
2.67496 0.541323 2.091957
2.682428 1.720165 3.526684
2.655606 1.700622 3.265486
2.629477 1.787398 3.420043
0.962921 2.011472 5.149841
0.986695 1.83502 5.246255
1.06107 2.536669 4.698393
1.263629 2.581077 4.665617
0.446281 -2.511601 3.30785
0.112898 -2.526689 3.626251
0.205626 -2.357362 4.243924
1.9527 0.1966 4.9294
1.737283 -0.491137 4.842627
1.731658 -0.365348 4.875061
0.267351 -1.558893 4.960883
-0.19308 -1.952525 4.851157
-0.179504 -1.689065 5.056577
2.247879 2.22716 2.881717
2.341732 2.184395 3.44924
2.392274 2.096205 3.233069
0.625127 0.974516 5.316236
-2.341504 -0.241699 2.001066
-2.097384 -0.588949 1.364433
-2.462396 0.42221 2.955628
-2.463634 0.553907 3.209178
0.084454 2.851266 2.293903
-0.170281 2.88552 2.470238
-2.446739 -0.877823 3.092281
-2.473073 -0.779663 3.295815
-2.484188 -0.661493 3.121573
1.095146 0.260336 6.34453
1.05982 0.190228 6.305236
-0.352723 -0.440557 0.002176
-0.221796 -0.39872 0.000239
-0.166569 -0.541966 0.029949
-2.384336 -0.996319 2.891534
-0.388427 -2.101641 1.727362
-0.487563 -2.001925 1.525572
-0.117244 -1.945054 1.442948
-0.162209 -2.039814 1.611979
1.585925 -2.269684 3.474782
1.67449 -2.092797 2.995027
1.792421 -2.024853 3.113077
1.708925 -2.127331 3.196264
1.67569 1.496813 5.472849
1.767879 2.007719 5.243068
1.522105 1.869114 5.382502
1.348269 1.195952 5.454165
1.324482 0.969513 5.442548
1.467888 1.130293 5.489748
2.652732 0.444836 1.982026
-2.470193 0.35247 3.96511
-2.447843 0.0182 4.009759
1.847304 2.339206 1.803435
1.953701 2.319737 2.011765
1.723076 2.368241 1.597207
1.655392 2.445973 1.717771
1.804396 2.332607 1.682632
1.426087 -0.463071 4.919709
1.487548 -0.445044 4.907387
1.482315 -0.214733 4.967753
1.310781 -0.478476 4.946475
0.796445 0.522429 6.594605
0.814439 0.48771 6.692111
0.847014 0.518207 6.660394
0.8062 0.49595 6.67575
-1.94857 1.120904 1.102604
-1.961542 0.880843 1.048645
-1.26998 0.297634 5.223008
-1.341895 -0.036489 5.211545
-1.204636 -0.124233 5.218259
-1.541432 1.764398 0.954
-1.6685 1.67835 1.033
-2.352182 0.765063 2.49801
-2.323648 1.031533 2.706958
-1.505011 2.086581 3.829783
-1.362695 2.200292 3.940348
-1.43752 2.1843 3.709224
0.334694 0.250022 6.270841
0.405853 0.331486 6.156081
0.36495 0.3129 6.10895
-2.069267 1.614576 4.072973
-2.278 1.187741 4.443393
1.756659 2.56832 2.583244
1.830877 2.48874 2.37474
2.003458 2.407072 2.583077
2.134669 2.34666 2.898042
-1.690366 -2.138296 3.833864
2.3125 1.35705 1.6633
2.313855 1.31593 1.647279
-0.13157 0.419912 5.327211
-0.142188 0.842888 5.25588
2.332434 0.661778 1.352123
2.26278 0.825399 1.299961
2.195017 0.958982 1.258309
2.205504 1.072008 1.340955
2.254318 0.960978 1.353119
1.264696 2.685862 2.064354
1.640564 2.579969 2.25672
-1.167021 -2.457125 4.086348
-1.587183 2.095434 2.914805
-1.641584 2.040053 2.752625
-1.702713 1.98057 2.649695
-2.198101 1.190083 2.085774
-2.118193 1.368623 1.943256
-2.132195 1.224324 1.789695
-2.13975 1.093 1.67885
-2.2403 1.02025 2.06795
2.903039 0.310586 3.934321
2.924088 0.433905 3.723767
0.914248 0.490421 5.536836
0.96859 0.44048 5.528307
0.952901 0.553061 5.497725
0.876413 0.650658 5.471824
1.329428 0.858379 5.410379
1.072306 0.466071 5.369623
1.078502 0.509528 5.324068
2.348763 -1.224016 3.66167
2.187583 -1.320033 3.774297
2.264369 -1.328935 3.525047
1.273968 -0.814861 0.318935
1.133023 -0.765976 0.187327
1.049969 -0.935539 0.269571
-0.3119 -1.1862 0.4504
-0.798733 -1.302097 0.505452
-0.420866 -1.39814 0.660519
-0.100836 -1.294494 0.53444
0.84464 0.855243 5.356096
0.873051 0.775419 5.385162
0.911115 0.880133 5.362736
0.892561 2.785031 4.147103
0.362047 0.52024 5.618038
0.353097 0.45092 5.667877
0.7628 -2.02565 4.64805
0.535344 -2.257778 4.4261
0.821864 -2.117018 4.565707
-2.28493 -0.420909 4.370687
-2.291738 -0.057797 4.481048
-1.887491 0.593678 5.120313
-2.07393 0.65697 4.995464
-2.049276 0.561166 5.012702
-2.202772 0.611116 4.832346
-2.133129 0.762894 4.934852
-2.246298 0.85792 4.737185
1.391673 -1.933512 2.144575
-0.847716 -0.891727 5.314753
-0.69769 -0.815788 5.302998
-0.581774 -0.478855 5.29744
-0.896452 -0.543218 5.270751
-0.585733 2.609416 1.472311
-0.32383 2.624885 1.427843
0.251036 -0.530347 5.488691
0.107004 0.554676 5.475517
0.191588 0.590013 5.524683
0.218342 0.651402 5.498047
0.220104 0.523709 5.586176
0.095462 0.430514 5.577474
-2.440064 0.268827 2.608837
0.853914 2.849287 2.668831
0.851741 2.867879 2.826164
0.938127 2.840864 2.713025
0.691712 2.90255 3.040163
2.271955 0.707843 1.256893
2.373699 0.452005 1.315118
-1.906088 -1.699827 2.400175
-1.631583 -1.908579 2.344031
-1.823773 -1.710717 2.200524
0.473219 2.660684 1.749577
0.3868 2.6745 1.7448
2.724966 0.754897 2.403411
-1.702713 0.222961 0.658794
-1.409777 0.257226 0.324729
1.879733 0.733574 5.200592
1.42005 0.57395 5.2484
1.624934 0.503171 5.136882
1.847711 0.846184 5.294692
2.700657 1.479498 3.019963
2.701803 1.57397 3.193349
2.721971 1.611472 3.410728
2.175771 -0.587785 1.300252
-1.372751 1.80697 0.783313
-2.217087 0.627916 1.719031
-2.218681 0.767366 1.816162
-1.933837 1.697474 1.999677
1.487659 -1.340678 4.71911
1.357902 -1.232495 4.815016
1.246284 -0.971225 4.889309
1.552732 -1.225864 4.676854
1.6099 -0.988147 4.663822
-1.267006 0.222953 0.137145
-0.971352 0.212247 0.013494
-0.940861 2.730558 3.15557
-0.738872 2.850533 3.253184
-0.606296 2.902729 3.31692
0.982258 0.536186 6.462175
0.893187 0.543842 6.494878
-1.12752 2.568403 3.494858
1.06211 -1.300346 0.652014
1.236253 -1.258631 0.716971
1.186306 -1.398936 0.884691
1.003298 -1.471588 0.854669
1.765705 -0.734451 0.830504
1.655472 -0.876311 0.84539
1.655219 -0.620698 0.616488
-1.171686 0.926354 0.222665
-1.231295 0.763692 0.24406
-1.107347 0.555486 0.153483
-1.050892 0.534249 0.107376
1.132355 2.844737 3.033424
1.307492 2.808796 3.08377
1.300738 2.783342 2.81709
-1.941312 1.774611 2.967083
-1.893387 1.822687 3.074793
-0.365567 -0.314916 5.326396
-0.215508 -0.308785 5.412414
-0.274019 -0.185939 5.391377
0.914573 2.792294 2.356915
-1.812882 0.039769 0.791282
-1.859558 -0.225208 0.792117
-2.084111 -0.381896 1.273168
2.022795 -1.598054 2.957264
1.908273 -1.766393 2.874047
-1.524059 1.392602 0.587357
-1.537237 1.052438 0.495645
-1.382181 1.919794 4.405909
-1.341248 2.158276 4.087878
2.515079 1.960751 3.452796
2.375983 2.1405 3.717004
0.408945 2.646413 4.630639
0.202215 2.714122 4.58273
1.220021 2.672076 1.941235
1.054879 2.708793 2.003674
0.827971 -0.271569 5.833062
0.658075 -0.374487 6.024545
0.54331 2.791957 2.264273
0.435656 -0.424259 5.809999
-1.724634 0.678482 5.170902
-1.473495 0.608027 5.213489
-0.681462 -0.134224 5.265137
-0.479 -0.0372 5.2826
-0.3203 0.2556 5.3324
-0.311505 1.15716 5.187752
-0.544926 1.196355 5.15735
-0.328866 1.705914 5.131703
-0.155782 -2.396003 2.550993
-0.064613 -2.460829 2.806716
-0.571035 -2.550167 3.306554
-0.555402 -2.509284 3.003698
0.755916 -2.108535 2.056437
0.554482 -2.196937 2.157859
0.312656 0.027047 6.317567
-1.003236 -0.45006 0.001538
-0.931476 -0.360029 0.000241
-0.0757 -0.3653 5.494
-0.174315 -0.426699 5.41221
-0.304915 -1.517253 5.216288
-0.655477 -1.55474 5.339624
-0.896832 -1.338935 5.396417
0.820182 0.306354 6.703258
0.9448 0.2927 6.7629
0.9448 0.2927 6.7629
2.987222 -0.064669 3.835057
-0.248405 0.024435 5.462383
-0.1904 0.069705 5.512206
-0.295329 0.030191 5.409016
-0.247958 -0.081697 5.451512
-0.843851 2.554236 4.606368
-1.556008 1.665406 0.820768
-1.73296 1.520832 0.954225
2.448043 1.635403 2.229345
2.359497 -0.676087 1.742005
2.366092 -0.608562 1.669639
-0.036813 2.958259 3.057632
0.187014 2.948323 3.01857
-1.485207 -0.187491 0.179075
-0.151306 0.134251 5.537381
-2.170746 -1.608337 3.990525
-2.185689 -1.591331 3.643469
-2.070881 -1.754496 3.824417
0.315969 2.9347 3.761433
0.163524 2.968307 3.611081
2.045049 2.316299 4.478746
1.859804 2.432921 4.630455
2.03567 2.24256 4.699044
1.9679 2.45755 4.1712
1.934897 2.445633 4.373247
-1.17737 2.518253 3.308164
-1.257987 2.434923 3.303793
-1.177733 2.518408 3.4523
-2.284137 1.222213 2.943745
1.36525 2.695081 4.453643
3.000808 -0.376885 3.354298
3.013051 -0.06965 3.286982
0.915749 0.102036 6.710172
1.023606 0.195463 6.767972
0.970347 0.162395 6.749805
1.556395 2.463371 1.595301
1.440065 2.415042 1.231292
0.256003 -1.037412 0.232736
0.399888 -0.986537 0.188069
-1.267163 -2.063887 2.18176
-0.968298 1.560297 4.981817
-0.934479 1.417466 5.053212
-0.397371 0.409853 5.305838
-0.604928 0.629995 5.259606
-0.328795 0.17422 5.342759
0.105762 0.291696 5.729741
0.903428 -0.106816 6.014945
0.851739 -0.115979 5.860407
0.91455 0.001 6.08135
0.110669 2.933508 2.838955
0.286274 2.911338 2.702197
1.142035 -0.225748 0.014997
1.436553 0.32676 0.108538
1.540897 0.207921 0.182684
0.802701 -1.378673 4.904245
2.476163 1.872532 4.501173
2.339001 1.948236 4.665541
-1.299738 2.389931 2.935031
-1.180269 2.513726 2.894456
-1.20888 2.483379 2.766435
-1.339159 2.347549 2.829222
1.425479 1.401301 5.467372
1.267622 1.373525 5.431117
-0.441207 2.741084 1.817627
-0.484363 2.938713 3.420335
2.616342 0.688663 2.013033
2.524851 0.789719 1.846635
-1.86287 -1.260508 5.000485
-1.848211 -1.497831 4.916926
-1.787007 -1.032654 5.072133
1.040952 2.356316 4.908699
1.214024 2.487421 4.821123
0.688115 2.162106 5.030175
0.872544 2.371555 4.862751
-1.037266 2.407874 1.548378
-1.162263 2.339067 1.585473
-1.139909 2.383177 1.681924
-0.976337 2.513452 1.761913
-0.103769 2.783055 1.959854
-0.008181 2.824949 2.144874
0.515162 -0.58324 5.409008
-1.407712 0.734654 0.363466
-1.536517 0.793562 0.462905
0.294188 -0.04176 6.254252
0.165976 -0.045657 6.039704
0.298195 -0.151218 6.169706
2.119417 1.264203 1.265009
2.108442 1.593123 1.320615
0.752465 0.514586 5.571961
-1.174355 -2.357777 3.021707
-2.220818 -0.101919 4.611044
-1.917555 0.244723 5.06493
-1.630066 0.376344 5.185943
-2.006497 0.442485 5.027507
0.16495 0.6513 5.45285
2.509635 0.108118 1.532918
2.568663 0.116033 1.677904
2.5666 0.2873 1.6824
-0.07511 0.95453 5.244254
-0.172305 1.027686 5.222252
-0.190931 1.207857 5.19401
-1.173453 -0.769876 5.283756
-0.832527 -0.684152 5.289629
2.837998 0.927155 3.727966
2.820423 0.864487 3.923306
1.887838 2.240722 4.90964
2.000014 1.839564 5.198731
0.0524 -0.43735 0.0165
2.772848 -0.461078 2.460823
2.839101 -0.209248 2.490223
0.002258 2.705499 1.672517
2.155534 0.916602 1.171183
1.331318 -2.379402 3.498174
1.748515 2.642262 3.862097
1.84918 2.571749 4.055721
-2.283599 0.699582 4.695412
-2.323591 0.829058 4.556338
1.815403 0.468835 0.457665
2.710196 1.11489 4.38098
2.554517 1.017757 4.720304
1.695751 -2.008256 2.822417
2.075341 2.233035 2.148761
2.190468 2.070787 2.139679
-0.030583 2.864933 4.271838
-0.236726 2.938534 3.949178
0.028964 2.783694 4.495137
-1.076868 2.579256 3.896956
-0.005712 0.543018 5.328046
-0.041597 0.62625 5.30198
0.036987 0.501481 5.424618
0.833849 -0.361675 5.461196
0.780667 -0.432475 5.423901
0.922305 -0.297413 5.384996
2.28822 -0.653411 1.585079
1.765924 0.19944 4.992598
0.846821 2.123371 5.05687
0.325328 2.062306 5.114136
0.482251 2.011268 5.121242
0.659282 0.184419 5.880117
0.655443 0.204493 5.82149
0.599135 0.235977 5.86632
-1.591056 1.989144 1.764895
1.8443 -1.02 1.2973
1.659252 -0.983145 0.943726
0.836457 -0.047987 5.843266
0.803873 0.034729 5.8406
2.142402 1.754615 1.492103
-1.515209 2.132826 2.321339
-1.664977 1.992398 2.312333
-1.008062 2.537206 1.991453
-1.015261 2.570233 2.192937
2.811159 0.947597 2.967344
2.68534 1.170879 2.601696
2.7097 1.1095 2.6324
0.007349 2.30487 5.038669
0.113196 2.525236 4.86214
-2.263845 -0.89539 2.132787
-2.311731 -0.616388 2.02973
1.2194 0.1564 5.1245
1.512986 0.046488 5.026981
0.349984 -1.097889 5.068532
0.3427 -0.939103 5.120835
0.837449 2.636658 1.717949
0.25205 -0.92335 5.13095
0.255297 -0.728666 5.185557
2.012781 -1.562604 2.799326
1.188119 0.007491 5.329051
1.181502 0.071879 5.337801
0.997531 -2.425718 3.16418
0.826077 -2.501967 3.462344
0.936296 -2.473007 3.384562
0.086899 -1.459868 0.683679
0.433627 -1.49803 0.735179
1.091656 -2.25332 2.680058
0.751818 -2.248468 2.39705
-1.086252 0.868676 5.222404
-1.220724 0.578992 5.219002
0.0207 -0.3158 5.5683
-0.034188 -0.181528 5.612773
-1.600028 0.445129 0.54395
-1.728875 0.619606 0.685362
-2.111251 1.56159 2.60212
0.764663 -0.345114 5.906096
0.784939 -0.323793 6.00965
2.741112 1.64429 3.92095
2.785768 1.433795 4.010814
-0.677363 2.508373 1.289529
-0.930285 2.357482 1.245951
0.865428 -1.532945 0.88196
-2.185151 -1.124851 2.181747
0.651209 0.230788 6.01051
0.533544 0.290566 6.01858
0.715634 0.302145 6.189466
2.503443 -0.021864 1.53533
0.060875 -1.686015 4.944987
-2.439933 0.023332 2.489825
-2.442914 0.124986 2.558698
1.3793 -2.23431 2.939823
-1.894513 -1.790317 4.512675
-1.624925 -1.991493 4.640004
0.489835 -0.52111 5.532932
0.872794 -0.402551 5.185036
-0.336682 -1.872989 1.309127
-0.595596 -1.884434 1.334947
1.576895 -0.419216 0.39753
1.471373 -0.309267 0.253162
2.037044 0.414903 0.707722
2.130872 0.52654 0.908849
1.360563 -1.447252 4.783724
1.063227 -1.314033 4.873726
1.92235 -0.06105 0.6049
1.733138 -0.113349 0.417839
1.784307 -0.215387 0.50762
2.8283 1.08465 3.59285
2.824973 1.083204 3.38839
2.832818 1.010174 3.261437
2.345548 0.07719 1.194203
2.410959 0.163339 1.324658
-0.55445 -1.385856 0.635597
0.367517 0.314189 6.014167
-0.855431 2.570516 1.713709
-0.729489 2.630465 1.708262
-0.891382 2.525621 1.629253
1.754256 -1.071312 4.52521
1.303848 2.695583 2.178948
1.55226 2.610186 2.184918
-2.232691 1.029934 2.040729
-2.266002 1.039513 2.284741
-1.294094 2.332946 2.15941
-1.422279 2.22878 2.336415
-1.445162 0.240792 5.214261
-1.414356 0.101101 5.214489
-1.136264 1.700553 4.821127
-1.538002 1.653549 4.668375
0.46165 2.71228 1.915216
1.990387 1.971264 1.39094
2.045832 1.764745 1.281109
-1.712976 1.609112 1.025244
-1.644126 1.607434 0.899384
0.534937 2.927174 3.585213
0.73836 2.906148 3.509589
-0.028309 -2.193372 1.962043
-0.135135 -2.241406 2.062713
-0.171083 -2.145243 1.843351
0.980581 -0.106827 6.248571
1.059157 -0.013501 6.489276
0.722273 2.889041 2.903048
2.418918 2.102104 3.543962
2.587324 1.86377 3.518453
2.339814 -0.960139 2.222787
2.545126 -0.794696 2.35079
2.659739 -0.60364 2.351345
0.222653 2.933934 2.875121
-1.41305 2.064248 4.123473
-1.479898 1.96048 4.189945
-1.490944 2.035996 3.988
-0.313021 -2.544253 3.717106
0.180132 -2.452482 4.001644
2.417501 1.336591 1.905793
2.538844 1.063607 2.057828
0.84448 0.446963 6.720572
-0.619197 2.885609 3.153101
1.119948 0.146738 6.372202
1.142576 0.23923 6.385013
1.13772 0.64398 5.36461
1.553873 1.038748 5.470925
1.319083 2.823958 3.440766
0.548968 -0.732699 0.054506
0.630447 -0.663352 0.032381
0.49055 -0.35645 0.02245
-0.720609 1.912175 5.050634
2.255757 -1.225186 3.966237
0.9054 1.36605 5.31025
0.836497 1.051504 5.332757
0.896615 1.350692 5.310098
0.67265 0.96565 5.32
1.426836 -1.858932 2.029422
-1.058263 2.120739 0.921606
2.384519 0.66099 1.456648
1.942578 -1.527339 2.440227
2.5728 1.621759 4.716252
2.592671 1.43098 4.833175
2.207723 -1.126537 2.27307
-0.333949 -2.419321 2.600497
-0.288152 -2.458315 2.740211
-0.95823 -0.352408 5.246983
-0.655249 -0.367616 5.281921
2.691883 0.016819 1.976467
2.768729 -0.059163 2.220849
-2.249918 1.384013 4.12725
0.26787 0.13997 6.223332
-2.078031 1.641581 3.03237
-0.196879 -0.495299 5.365531
-0.663157 2.859657 3.889281
-0.766392 2.826166 3.782693
0.622382 -0.9152 0.132972
2.812568 0.071065 2.349236
2.381259 0.756925 4.822846
2.754976 0.264202 4.331568
0.620648 0.49141 5.614302
0.710797 0.447329 5.617373
2.095411 0.760079 0.983775
1.863447 0.978433 0.769086
-2.072389 0.928379 1.343469
-1.868217 0.957755 0.880299
-2.296228 0.407388 1.918696
-1.507462 2.157889 3.335989
-1.53202 2.143068 3.065952
1.42564 0.017912 0.131966
1.244031 0.134669 0.028522
1.574853 0.06958 0.230362
1.603719 -0.067888 0.278111
0.817209 -1.734598 4.79373
0.655764 -1.793111 4.793183
-1.080133 0.692437 0.155786
0.84735 2.84215 2.60955
0.808952 0.496016 6.677895
0.131315 1.374804 5.213768
-0.479677 -0.738558 0.029089
-0.681996 -2.566431 3.686679
-2.373147 0.444877 4.445423
-2.32165 0.622792 4.606205
-2.393158 0.642292 4.356677
-2.452718 0.479625 4.070721
-0.463176 2.615365 1.428488
-0.569208 2.56827 1.355073
-0.643504 2.547211 1.3615
-0.111497 -1.506822 5.112427
-1.09812 -2.418896 4.366416
-2.435954 -0.683515 3.885423
0.023514 0.103091 5.736885
-0.11528 0.042757 5.585962
1.674822 -1.855851 2.440375
1.754758 -1.783578 2.446172
0.688052 0.678383 5.45725
0.648679 0.727683 5.411877
2.354654 1.436698 1.797749
2.350448 1.516936 1.844948
0.733082 2.769394 4.248294
0.143419 -0.560551 5.418477
-0.385334 1.372096 5.151318
-1.666474 1.965279 3.697988
-1.96765 0.23895 1.0607
-1.514155 -2.06138 2.584594
-1.401978 -2.073265 2.414788
0.031133 -1.78267 1.163136
0.271205 -1.557882 0.814637
-2.446336 0.650251 4.059722
-1.441277 0.95925 0.3919
-0.380897 -1.094458 5.318801
-0.184984 -1.071218 5.281942
2.137468 -0.680095 4.661343
2.341501 -0.918755 4.416273
-0.709781 2.457187 4.825688
1.581408 2.538976 1.919357
1.6889 2.470206 1.857502
-0.271008 0.274861 5.359488
-0.221713 0.317546 5.3487
1.526222 -1.768964 1.970827
-1.589717 -0.799768 5.160765
-1.68908 -1.442676 1.422742
2.846228 0.519125 2.698776
2.805788 0.647933 2.637409
2.254452 0.197335 1.020815
2.190731 -0.011902 0.942944
-1.287845 1.416775 0.400631
0.937814 2.715439 4.334856
1.176746 2.736187 4.310901
-0.142734 -0.296182 0.000835
-1.193362 0.072988 5.2349
-1.205864 0.222343 5.233676
-0.896055 0.136245 5.273442
1.573107 -2.272767 4.011148
2.195842 -1.360408 2.906839
2.1861 -1.3997 3.0851
2.066559 -1.505095 2.899326
-2.285868 -0.406264 1.846258
-0.891157 0.222328 0.011387
-2.484951 -0.541063 2.964701
-1.917566 -1.943586 3.810694
0.777249 0.311334 6.683255
-1.035999 -0.704972 5.278231
1.4288 2.75745 2.97555
0.976025 0.811814 5.396471
0.941626 2.712768 2.001569
-2.45455 -0.5172 3.8036
-0.736862 0.145449 5.289797
-0.044054 0.80415 5.272283
0.056102 0.891051 5.272259
0.000583 0.900452 5.261048
-0.21004 -0.025179 5.504082
1.455973 -1.623201 4.701022
0.46575 0.3054 6.0337
0.818768 2.766292 2.21837
-0.773401 1.539086 5.073692
-0.702849 1.543048 5.087563
-0.603056 1.508517 5.10918
2.684635 0.961309 2.43414
2.629067 0.790075 4.465306
-0.172586 2.749196 1.822869
-1.722174 1.249196 0.755056
1.443087 -1.413911 1.190489
-0.687066 -1.750143 1.114878
-2.277816 -1.221403 2.773338
-2.347269 -0.997937 2.677302
0.892314 0.513352 0.01402
0.980308 2.747399 4.246549
-0.48235 2.9403 3.2749
0.041113 2.67814 1.61148
-2.129206 0.545563 4.927118
-0.30726 1.967128 5.112104
-1.67396 -0.288934 0.447047
0.265693 0.275886 6.016842
-1.628477 0.281006 0.580526
-1.959498 0.729233 5.076426
-2.357818 -1.215412 3.200165
-1.39245 -0.604773 0.154951
-1.377208 1.715911 4.642085
-0.756099 -2.488874 4.322073
2.15655 1.049 1.2502
0.407097 -0.168651 6.320463
2.102751 1.735017 1.390987
2.175162 -1.121717 2.186484
2.654854 0.702937 2.14312
-1.2833 0.0937 0.04465
0.636586 2.89206 3.747638
0.837988 2.870877 3.75363
-1.293382 1.855548 0.770876
-1.206921 1.997522 0.884905
2.081183 2.053859 4.909719
1.43321 2.778834 3.922344
1.923773 2.536135 3.464144
0.687327 -0.811282 0.085181
-0.391847 2.637324 1.472898
0.310476 -0.386632 5.74802
0.407644 -0.355454 5.958073
0.554327 -0.553855 5.450306
-1.463324 1.543835 0.598149
-0.239286 -1.038879 0.31961
-1.198593 2.262268 1.452876
2.329896 0.972206 1.514779
1.855999 -2.002141 3.28996
0.416752 0.174999 6.458941
0.570625 0.229137 6.576918
2.101125 1.998556 1.723748
-0.91113 0.920516 5.2109
-0.717273 -2.54655 3.286455
2.4744 1.0474 1.8627
-1.94734 1.286259 1.213408
-0.012581 -2.288511 2.215073
0.342044 -2.502145 3.147902
-1.399719 1.753114 0.739573
-1.426622 1.70994 0.720503
-2.005903 0.917498 1.161896
-0.069045 2.945809 2.917419
-0.786045 2.729123 2.301742
-1.794817 1.712832 1.383637
2.269714 -0.585805 1.468497
2.253006 -0.450369 1.325241
1.069265 0.093472 6.319107
1.221011 -2.280041 2.889963
1.572383 -2.198459 3.115129
0.926928 2.478059 4.73163
0.279918 -0.808077 5.149202
0.953482 0.439716 6.380519
2.703958 1.049956 2.566859
-2.002996 -1.57789 4.614741
-0.460647 -2.496378 2.916562
-0.30416 -2.476409 2.823022
0.418416 -1.114789 5.042374
-0.843892 2.788143 3.179596
-1.139227 2.542845 2.737086
2.2894 -1.3048 3.3875
-0.685271 2.870854 3.698354
-0.570296 2.91618 3.522144
-1.538302 1.191889 0.516371
1.089546 0.23792 6.760572
-0.272979 -0.704635 0.088865
0.467028 -0.33738 0.013132
0.609159 2.92274 3.276893
0.377282 2.946226 3.516656
1.965867 0.532235 0.66098
2.027127 0.531125 0.741006
-2.358209 0.659165 2.393166
0.961311 0.364837 5.535025
1.739846 -1.064186 1.177144
0.9049 -0.27225 5.4456
-0.972674 2.245353 1.052236
-0.87402 2.3555 1.1603
-1.45894 -0.633272 5.199792
1.722116 -1.592854 2.00367
-1.079445 -0.073954 0.011578
1.38563 2.544303 1.625428
0.058412 -2.119279 1.801903
-0.487692 -2.055869 1.625234
1.334911 -0.125629 0.104398
0.672804 0.185007 5.833201
2.110503 -0.398961 4.765627
0.159701 2.795764 4.432042
2.770475 1.298742 3.189878
2.164327 1.844822 1.637041
2.50854 -0.614919 1.987366
0.674957 0.231758 5.748608
-1.338873 0.368913 5.220053
2.053036 1.817932 1.329047
-2.22545 0.500148 1.690146
-2.26897 0.414445 1.818253
2.453499 0.698775 4.705894
0.663647 -1.581227 0.902974
-0.17822 0.652419 5.28371
-0.264458 -2.088568 4.762948
-1.123847 2.489683 2.141182
0.378945 2.675112 1.74802
1.283214 0.696264 5.347814
1.235856 -0.032855 5.232574
-0.084286 0.197483 0.004751
0.116051 2.691835 1.688508
0.955868 2.837905 3.91861
-0.746903 -1.772349 5.236341
2.730052 1.4487 3.139621
0.679839 0.187725 6.630494
0.916925 -0.36622 5.157062
0.998829 -0.290497 5.13784
0.871671 -0.421581 5.11437
-1.842456 1.860744 2.856505
2.498476 -0.152584 1.580849
-1.832164 1.463873 1.096111
-1.455345 1.589458 4.781743
-0.537635 -0.400078 0.004234
-0.444535 -2.461583 2.747239
0.112813 -2.51454 3.147645
0.832303 2.713025 2.004463
2.726013 1.142498 2.743155
-0.536025 -1.785971 1.16689
0.048667 -1.530418 0.792344
1.402604 -0.366788 4.953365
-1.08407 2.142743 0.990312
-0.795049 2.439502 1.238171
-0.335195 -0.319083 0.001127
0.964067 0.284003 0.01199
0.852379 -1.171206 4.943338
-0.970751 0.052782 5.252539
0.880964 1.448281 5.304943
2.534728 0.334619 1.622648
0.481917 0.315421 6.084552
0.525802 -0.491795 5.607982
-1.242248 2.395888 3.832671
1.010366 0.773569 5.396944
1.799467 2.273673 1.51018
-0.837271 2.523302 1.538719
0.437085 -2.518247 3.576069
2.403181 1.029847 1.697396
-0.390605 1.506711 5.139462
1.174566 0.288489 6.717656
0.775405 -0.084622 6.554224
2.845425 0.317472 4.11128
-0.157423 1.127348 5.208338
0.988485 2.859633 3.7848
0.166239 2.665436 1.635874
-2.375225 -0.574782 2.255573
0.921589 0.001288 5.552786
1.275664 2.595829 1.657347
-1.499035 0.541882 0.433638
-0.007288 -2.410021 4.155536
1.806655 -1.473666 4.381028
2.292205 -1.141886 2.570084
2.234153 -1.012348 2.102065
0.144122 2.622254 4.753092
1.236721 0.101654 5.17387
0.741241 -0.01014 6.611752
1.067329 -0.024084 6.425686
2.26635 -0.920855 1.992676
2.044258 2.449184 3.342204
0.098198 -0.686683 5.28972
2.2672 -0.58815 1.4657
1.107433 0.080227 6.396707
