1330 9.10144e-15 1 3.2733e-15
3564 0.890347 0.0405005 0.0691521
208 0.101378 0.411167 0.487456
2029 0 0.5 0.5
643 0.206196 0.320255 0.473548
2029 0.480826 0.261147 0.258028
235 0.537419 0.371244 0.0913369
847 0.404085 0.201595 0.39432
848 0.676418 0.0321508 0.291431
2722 0.384385 0.3313 0.284315
3182 0.328946 0.147549 0.523505
3747 0.0282672 0.636212 0.335521
416 0.782047 0.0520191 0.165934
3286 0.228589 0.336338 0.435073
3285 0 0.5 0.5
1317 0.5 0.5 0
2678 0.310091 0.669402 0.020507
1511 0.622999 0.033403 0.343598
2282 0.155341 0.310658 0.534002
2281 0.598061 0.195354 0.206585
1680 0.421679 0.567996 0.0103256
795 0.0132225 0.429789 0.556988
177 0.028351 0.723602 0.248047
3501 0.0406681 0.127096 0.832236
2485 0.0302814 0.36614 0.603579
3236 0.46063 0.323905 0.215465
1941 0.563448 0.232562 0.20399
4079 0.559067 0.177954 0.262979
270 0.5 0 0.5
2104 0.70896 0.0883002 0.202739
2405 0.0216 0.824439 0.153961
4195 0.65199 0.259095 0.0889144
2997 0.135129 0.570336 0.294535
1807 0.106775 0.148545 0.74468
3234 0.356782 0.295098 0.34812
1241 0.390745 0.317566 0.291689
2682 0.0715562 0.446066 0.482377
2682 0.617252 0.266362 0.116387
4170 0.264991 0.462039 0.27297
2688 0.099173 0.581523 0.319304
3555 0.303373 0.0169759 0.679651
1557 0.0105428 0.394359 0.595098
1878 0.905881 0.0819888 0.0121304
4331 0.60592 0.227377 0.166703
2295 0.0598821 0.239387 0.70073
4334 0.5 0 0.5
3953 0 0.5 0.5
2377 0 0.5 0.5
3925 0.0496074 0.000123835 0.950269
620 0.219522 0.154526 0.625952
398 0.244241 0.421309 0.33445
1459 0.5 0 0.5
1993 0.0695283 0.0279428 0.902529
1395 0.294637 0.171469 0.533895
3951 0.192825 0.515884 0.291291
1419 0.13224 0.521796 0.345964
1419 0.426967 0.0147971 0.558235
237 0.627333 0.276872 0.0957946
1228 0.153928 0.629335 0.216738
3940 0.605923 0.380044 0.0140326
3562 0.725825 0.0925325 0.181642
2182 0.117815 0.00308674 0.879098
3110 0.847975 0.129957 0.0220681
764 0.168479 0.612487 0.219034
3461 0.5 0 0.5
3462 0.300386 0.0548783 0.644736
210 0.791817 0.179476 0.0287072
1439 0.348418 0.451315 0.200268
3807 0.621706 0.125836 0.252458
3729 0.333754 0.13595 0.530296
3321 0.127043 0.771816 0.101141
130 0.218221 0.200574 0.581205
2776 0.549081 0.0330894 0.41783
1297 0.478511 0.446304 0.0751851
2299 0.5 0.5 0
1693 0.0444355 0.317761 0.637803
2245 0.155536 0.138942 0.705522
2210 0.272836 0.147825 0.579339
3252 0.597239 0.360575 0.0421852
4176 0.562924 0.142497 0.294579
899 0.61053 0.286603 0.102866
2447 0.5 0.5 0
4113 0.321856 0.353146 0.324999
1448 0.00343639 0.634692 0.361872
1507 0.0706753 0.925495 0.00383004
2860 0.207626 0.745114 0.0472593
195 0.883008 0.0286532 0.0883392
4498 0.699661 0.0104204 0.289919
2436 0.634846 0.148625 0.216529
3 0.630444 0.0760144 0.293542
1115 0.265935 0.493584 0.240481
375 0.701688 0.113507 0.184805
1834 0.5 0.5 0
1232 0.27127 0.647014 0.0817157
3969 0.208738 0.267282 0.52398
2328 0.34379 0.488007 0.168204
1001 0.274204 0.698198 0.0275983
1001 0.124299 0.394938 0.480762
528 0.422121 0.547024 0.0308551
2400 0.452272 0.0193502 0.528378
263 0.5 0.5 0
1060 0.0482139 0.729804 0.221982
3568 0.117524 0.267348 0.615127
2164 0.437318 0.0647319 0.49795
931 0.16403 0.275315 0.560655
3500 0.361723 0.489278 0.148999
4421 0.79062 0.144521 0.0648595
2629 0.22194 0.116101 0.661959
1959 0.917135 0.0632013 0.019664
3759 0.5 0 0.5
1959 0.384467 0.479032 0.1365
4438 0.483176 0.271623 0.245201
1016 0.397372 0.486883 0.115746
2368 0.139428 0.829288 0.0312837
2926 0.235718 0.70675 0.0575323
4126 0.12504 0.808236 0.0667236
2927 0.523838 0.158388 0.317774
3980 0.487391 0.111676 0.400933
1188 0.447933 0.390065 0.162002
2864 0.331065 0.0743579 0.594577
3776 0.124257 0.329054 0.546689
23 0.366593 0.558942 0.0744646
830 0.185142 0.651837 0.163021
4425 0.253541 0.644871 0.101588
4426 0.62714 0.108473 0.264386
1157 0.35977 0.275569 0.364661
4416 0.690055 0.0941334 0.215812
3256 0.60245 0.189634 0.207917
504 0.462851 0.491609 0.0455398
3864 0.401285 0.40688 0.191835
1606 0.105579 0.861713 0.0327085
4536 0.396937 0.321695 0.281368
585 0.365424 0.564465 0.0701104
3416 0.226335 0.491265 0.282399
1654 0.343556 0.109669 0.546775
1391 0 0.5 0.5
3810 0.689297 0.057593 0.25311
3032 0.564839 0.423921 0.0112398
3621 0.622867 0.14358 0.233553
891 0.0890038 0.905747 0.00524891
1668 0.410864 0.446511 0.142625
3001 0.0970575 0.107876 0.795066
139 0.130451 0.362395 0.507154
2825 0.262037 0.517797 0.220166
2465 0.272863 0.0180989 0.709038
4228 0.324492 0.671546 0.00396225
3319 0.745367 0.208846 0.0457871
16 0.740039 0.197957 0.0620042
538 0.761267 0.229386 0.00934708
4458 0.209277 0.214525 0.576198
414 0.14269 0.398931 0.458379
15 0.328703 0.235754 0.435543
15 0.599559 0.340066 0.0603758
15 0.553763 0.422175 0.0240613
1114 0.401432 0.543293 0.0552744
4035 0.0763258 0.0438056 0.879869
125 0.473477 0.0293186 0.497204
2499 0.737851 0.204918 0.0572305
4460 0.0345435 0.737142 0.228315
2498 0.298035 0.247498 0.454468
858 0.294646 0.379401 0.325953
1415 0.294169 0.701414 0.00441727
3473 0.580343 0.115772 0.303885
1111 0.245288 0.599216 0.155495
3566 0.527448 0.361377 0.111175
1110 0.553591 0.402977 0.0434313
1557 0.838363 0.121494 0.0401427
3556 0.138423 0.0366184 0.824959
1227 0.54823 0.392296 0.059474
292 0.261365 0.110534 0.628101
2398 0.657992 0.129495 0.212513
1596 0.24259 0.362468 0.394942
1596 0.175639 0.607784 0.216578
3032 0.0536695 0.589394 0.356936
2168 0.307202 0.434487 0.258312
457 0.631129 0.0711201 0.297751
1294 0.398885 0.42157 0.179545
664 0.829773 0.166959 0.00326895
1556 0.413786 0.0430888 0.543125
3454 0.0295301 0.0256542 0.944816
2964 0.235337 0.441514 0.323148
701 0.205847 0.775968 0.0181847
701 0.433746 0.310722 0.255532
2363 0.657176 0.201463 0.141361
1799 0.0427716 0.791783 0.165445
2157 0.480372 0.505346 0.0142812
3018 0.531551 0.0331198 0.435329
3018 0.266975 0.494454 0.238571
1982 0.233502 0.111423 0.655075
1402 0.0444756 0.40914 0.546384
622 0.0253748 0.38069 0.593935
2443 0.391143 0.447178 0.161679
1942 0.233922 0.572459 0.19362
621 0.0890921 0.280239 0.630669
1797 0.372783 0.0344015 0.592816
2069 0.365365 0.593836 0.0407983
3898 0.147828 0.696605 0.155567
1951 1 0 0
427 0.249247 0.636677 0.114076
79 0.432675 0.546905 0.0204202
3175 0.5 0 0.5
2254 0.134708 0.437727 0.427565
4178 0.355402 0.183073 0.461525
2183 0.325315 0.4667 0.207984
1830 0.259304 0.73329 0.00740591
4087 0.125767 0.0490013 0.825232
15 0.893993 0.00454516 0.101462
165 0.0919059 0.774635 0.133459
2171 0.0238729 0.889659 0.0864681
1751 0.0826518 0.397336 0.520012
3092 0.0873769 0.0241612 0.888462
1213 0.302476 0.128916 0.568608
269 0.640699 0.0343635 0.324938
1760 0.180582 0.304637 0.514781
1760 0.106883 0.881117 0.0119997
4230 0.367178 0.138734 0.494088
775 0.381896 0.524928 0.0931762
1158 0.921887 0.0164204 0.0616929
2530 0.0282426 0.715856 0.255902
560 0.0615998 0.615058 0.323342
3993 0 0.5 0.5
2627 0.382485 0.195282 0.422233
3922 0.501432 0.110059 0.388508
307 0.524756 0.442655 0.0325892
728 0.433215 0.436039 0.130745
190 0.175884 0.268522 0.555594
3322 0.478757 0.170451 0.350792
1876 0.5 0.5 0
215 0.140621 0.144668 0.714711
3363 0.387927 0.255217 0.356856
2375 0 0.5 0.5
779 0.195148 0.522475 0.282377
1490 0.820103 0.140037 0.0398607
2307 0.00432107 0.418031 0.577648
1074 0.32099 0.107278 0.571732
1386 0.168689 0.284136 0.547174
4025 0.24728 0.417243 0.335477
1550 0.652078 0.16262 0.185302
4528 0.798894 0.0278346 0.173271
2999 0.105787 0.33109 0.563122
1190 0.16049 0.1789 0.66061
4251 0.87211 0.0754757 0.0524147
4251 0.202393 0.609129 0.188477
3341 0.137615 0.399144 0.463241
196 0.154828 0.682535 0.162637
391 0.0600934 0.723316 0.216591
1834 0.0692688 0.710558 0.220173
1403 0.0517959 0.0139083 0.934296
3334 0.65663 0.10992 0.23345
3333 0.548697 0.181252 0.270051
4492 0 0.5 0.5
90 0.317695 0.341917 0.340388
387 0.387708 0.203768 0.408523
1518 0.514883 0.376682 0.108435
589 0.379158 0.394587 0.226255
33 0.100853 0.456854 0.442294
2047 0.0516124 0.574716 0.373671
1286 0.0973784 0.00924324 0.893378
2630 0.860421 0.0395939 0.0999854
3513 0.623511 0.150598 0.225891
2940 0.00393536 0.141803 0.854261
2554 0.281132 0.652225 0.0666438
325 0.643434 0.207711 0.148855
3735 0.125958 0.214953 0.659089
1740 0 0.5 0.5
2058 0.41099 0.585675 0.00333596
359 0.130297 0.195183 0.67452
1561 0.602983 0.387559 0.0094577
233 0.415449 0.45492 0.129632
435 0.226385 0.425841 0.347774
1177 0.169877 0.788201 0.0419216
3009 0.36314 0.144179 0.492681
3133 0.046054 0.350605 0.603341
829 0.451854 0.339996 0.20815
262 0.136793 0.690323 0.172884
634 0.502199 0.334045 0.163756
523 0.27009 0.492686 0.237224
7 0.156207 0.626623 0.21717
989 0.300785 0.076259 0.622956
3053 0.120419 0.532864 0.346717
2463 0.508775 0.0561668 0.435058
28 0.843342 0.0949213 0.0617365
3828 0.274733 0.103842 0.621425
2049 0.044747 0.625908 0.329345
2755 0.588253 0.323462 0.0882849
3630 0.0382205 0.430738 0.531041
2756 0.286138 0.158112 0.55575
2181 0.330497 0.560914 0.108589
4110 0.0614213 0.579573 0.359006
1049 0.389094 0.0197753 0.591131
3278 0.5 0 0.5
2536 0.347281 0.20845 0.444269
1387 0.374925 0.0777365 0.547338
1712 0.225182 0.423082 0.351736
2466 0.0278756 0.945352 0.0267723
1712 0.498962 0.0166522 0.484386
180 0.0401071 0.156859 0.803034
2415 0.0176443 0.0809833 0.901372
232 0.45067 0.0750529 0.474277
4241 0.506635 0.307471 0.185894
357 0.38791 0.480683 0.131406
4242 0.487373 0.505402 0.0072247
2882 0.654196 0.295645 0.0501588
1285 0 0.5 0.5
118 0.291943 0.424829 0.283228
2287 0.742579 0.0129832 0.244438
2926 0.239096 0.0921217 0.668783
2287 0.328684 0.266379 0.404937
4032 0.193723 0.296278 0.509999
4031 0.177107 0.430888 0.392005
98 0.174492 0.4417 0.383808
124 0.485508 0.291447 0.223044
1753 0.669278 0.0724595 0.258262
1706 0.166092 0.00534061 0.828568
3848 0.648658 0.161228 0.190114
318 0.463481 0.521662 0.014857
318 0.109346 0.530489 0.360165
2118 0.135043 0.0474789 0.817479
2118 0.61577 0.383141 0.00108881
2366 0.726189 0.0218215 0.251989
4225 0.5 0 0.5
294 0.302718 0.357111 0.340171
2685 0.21289 0.555813 0.231298
1096 0.489169 0.17711 0.33372
1040 0.33166 0.626122 0.0422177
3903 0.019547 0.0283785 0.952074
170 0.140434 0.771695 0.0878708
516 0.157738 0.228309 0.613953
2079 0 0.5 0.5
169 0.397525 0.421849 0.180626
4404 0.378874 0.185922 0.435204
4368 0.270644 0.726622 0.00273446
1467 0.449535 0.173435 0.377029
1172 0.403638 0.0941942 0.502167
3593 0.746285 0.214865 0.0388494
1314 0.620878 0.37738 0.00174192
4531 0.165328 0.197713 0.636959
3463 0.055565 0.851984 0.0924508
768 0.154034 0.357011 0.488955
2625 0.980563 0.00429716 0.0151397
1906 0.613814 0.379652 0.00653335
2766 0.274521 0.402824 0.322655
3524 0 1 0
3142 0.810003 0.0149507 0.175046
1830 0 0.5 0.5
2674 0 0.5 0.5
44 0.225877 0.170548 0.603574
3854 0.214218 0.516273 0.269509
123 0.389012 0.514465 0.0965228
3853 0.354244 0.102542 0.543215
2217 0.102154 0.45628 0.441566
788 0.618856 0.0430572 0.338086
1664 0.079827 0.317938 0.602235
2808 0.411327 0.452958 0.135716
2446 0.112677 0.478118 0.409205
2120 0.3339 0.161697 0.504403
361 0.412817 0.557342 0.0298409
1217 0.454943 0.12273 0.422327
2279 0.00789513 0.325413 0.666692
586 0.685344 0.272318 0.0423376
1431 0.13733 0.740003 0.122668
586 0.334673 0.19238 0.472947
994 0.429938 0.541982 0.0280803
994 0.379951 0.340511 0.279538
1344 0.433183 0.51291 0.0539073
3537 0.309034 0.214108 0.476858
1343 0.398727 0.118195 0.483078
1131 0.496633 0.0190612 0.484306
337 0.514413 0.0431298 0.442457
1567 0.304147 0.09035 0.605503
4306 0.399046 0.0508478 0.550106
598 0.428951 0.154531 0.416518
2291 0.134783 0.48621 0.379007
480 0.342863 0.117143 0.539994
119 0.599928 0.305713 0.0943586
119 0.243055 0.344727 0.412218
2865 0.16285 0.0192006 0.817949
3021 0.106589 0.44962 0.443791
2901 0.279987 0.642378 0.0776351
3702 0.565975 0.39177 0.0422555
20 0.147779 0.709655 0.142566
1151 0.215391 0.370355 0.414254
2010 0.633467 0.298152 0.068381
3308 0.541502 0.0687093 0.389788
35 0.472373 0.273937 0.25369
34 0.221037 0.722065 0.0568978
2593 0.119471 0.34988 0.530649
1569 0.180672 0.323811 0.495517
1346 0.200691 0.271163 0.528146
2179 0.497807 0.456112 0.0460812
2179 0.820118 0.146209 0.033673
2662 0.00439457 0.262815 0.732791
2662 0.12418 0.462581 0.413239
3391 0.144878 0.338952 0.516169
680 0.394595 0.357528 0.247877
1604 0.428147 0.553519 0.018334
603 0.574252 0.321388 0.10436
4476 0.438943 0.0426486 0.518408
175 0.576775 0.218209 0.205016
2434 0.63118 0.118242 0.250578
82 0.536648 0.237169 0.226182
2362 0.609232 0.322236 0.0685318
4425 0.165216 0.607363 0.227421
1982 0.276993 0.443504 0.279504
1134 0.0976022 0.00899839 0.893399
2253 0.208882 0.00733097 0.783787
3539 0.139869 0.600812 0.259319
2252 0.419106 0.229381 0.351513
2582 0.605834 0.357441 0.0367249
4171 0.415344 0.0398028 0.544853
2582 0.160099 0.724681 0.115219
15 0.412216 0.123424 0.46436
3207 0.5 0.5 0
3207 0.5 0.5 0
3620 0.692117 0.0697823 0.238101
1542 0.480459 0.0628523 0.456689
1542 0.0782988 0.834544 0.0871575
860 0.210853 0.257794 0.531354
4396 0.289788 0.388574 0.321638
4395 0.110234 0.347348 0.542418
3629 0.177805 0.62613 0.196066
506 0.588753 0.1581 0.253146
883 0.0930464 0.715291 0.191662
3293 0.352943 0.199407 0.447651
1692 0.0243943 0.938396 0.0372095
3316 0.0915903 0.601324 0.307086
257 0.623543 0.371518 0.00493936
3014 0.0728345 0.0951201 0.832045
3014 0.259112 0.738145 0.00274276
1789 0.182795 0.593381 0.223823
280 0.27373 0.157074 0.569195
1726 0.337686 0.35216 0.310154
4101 0.167534 0.751876 0.0805903
4406 0.1444 0.578103 0.277497
1430 0.00798457 0.211167 0.780848
4053 0.5 0 0.5
4222 0.126118 0.351749 0.522133
1810 0.749378 0.0918212 0.158801
3575 0.762362 0.175577 0.062061
4004 0.126313 0.750745 0.122941
4003 0.477759 0.316907 0.205334
4419 0.659842 0.144116 0.196042
1572 0.74193 0.248511 0.00955925
1571 0.452816 0.519117 0.0280672
4057 0.5 0.5 0
3547 0.404801 0.475362 0.119838
2851 0.249105 0.611085 0.13981
1686 0.0941187 0.34664 0.559242
4154 0.330699 0.334821 0.334481
1903 0.66893 0.238184 0.0928851
3550 0.428087 0.377635 0.194278
3094 0.756518 0.0398098 0.203672
3095 0.192278 0.718976 0.0887454
4213 0.253256 0.259209 0.487534
2882 0.288436 0.318449 0.393115
2882 0 0 1
827 0.292691 0.549262 0.158048
4529 0.662583 0.316226 0.0211905
1399 0.109041 0.54529 0.34567
503 0.269524 0.258438 0.472038
720 0.374742 0.35356 0.271698
3331 0.495666 0.416409 0.0879256
583 0.266679 0.418714 0.314607
1047 0.497095 0.308712 0.194193
380 0.443202 0.527097 0.0297008
230 0.187942 0.404356 0.407702
4387 0.424513 0.0679035 0.507584
1454 0.286806 0.419475 0.293719
99 0.00938659 0.787015 0.203598
1404 0.0417541 0.395246 0.563
376 0.316407 0.0809424 0.602651
376 0.395649 0.534438 0.0699133
3446 0.225351 0.182199 0.592449
1186 0.435291 0.191988 0.37272
2568 0.111247 0.856479 0.0322739
1179 0.218009 0.668105 0.113886
1849 3.23445e-15 3.32566e-15 1
2507 0.7082 0.217491 0.0743091
1401 0.215089 0.706066 0.0788443
936 0.149799 0.580671 0.269531
1547 0.369877 0.484362 0.145761
2918 0.5 0 0.5
2919 0.00312452 0.0886813 0.908194
2918 0.00866442 0.605239 0.386097
2281 0.0982582 0.827079 0.0746633
4302 0 1 0
1824 0.314366 0.0901512 0.595483
3226 0.367427 0.142536 0.490037
3226 0.426781 0.376407 0.196812
1665 0.455515 0.315813 0.228673
3470 0.181137 0.275351 0.543512
4278 0.249548 0.620011 0.130441
2116 0.20373 0.370473 0.425797
818 0.64346 0.141754 0.214786
4283 0.72759 0.0527903 0.21962
1695 0.560866 0.400697 0.0384362
154 0.144249 0.561534 0.294217
4307 0.597731 0.0278675 0.374402
154 0.0985147 0.0753553 0.82613
129 0.0347631 0.641779 0.323458
2215 0.393704 0.489642 0.116654
1733 0.428966 0.478997 0.0920363
1202 0.459445 0.00240393 0.538151
1202 0.162424 0.83121 0.00636655
31 0.0304439 0.422826 0.54673
1804 0.1497 0.513324 0.336976
2752 0.78478 0.0474652 0.167755
557 0.223798 0.737231 0.0389709
2135 0.581984 0.375332 0.0426842
1416 0.498503 0.0251713 0.476325
1636 0.223851 0.26083 0.515319
1369 0.157144 0.226851 0.616005
1369 0.17954 0.777475 0.0429851
3687 0.293094 0.310586 0.39632
2747 0.0641759 0.654116 0.281709
2951 0.553989 0.251853 0.194158
212 0.0445683 0.840753 0.114679
162 0.192537 0.471359 0.336104
1945 0.609825 0.143807 0.246368
649 0.201951 0.262161 0.535889
271 0.137638 0.75641 0.105952
2483 0.340722 0.628926 0.030352
1854 0.055255 0.212718 0.732027
3823 0.8535 0.0289832 0.117516
576 0.225942 0.411113 0.362945
1361 0.278279 0.43141 0.290311
1949 0.123379 0.294328 0.582293
1948 0.238412 0.0113502 0.750238
2838 0.740048 0.0641052 0.195847
165 0.607648 0.190776 0.201577
165 0.274382 0.605969 0.119649
165 0.224329 0.246127 0.529543
1650 0.555054 0.148196 0.296751
3997 0.61312 0.243638 0.143242
1632 0.772235 0.190592 0.0371731
534 0.263792 0.348616 0.387592
4238 0.5 0 0.5
1897 0.273826 0.0449208 0.681254
1010 0.211877 0.203873 0.58425
1602 0.429878 0.248303 0.321819
3728 0.302337 0.11094 0.586723
3042 0.34774 0.0196872 0.632573
10 0.00434401 0.0315333 0.964123
3345 0.800777 0.0205931 0.17863
1930 0.661459 0.146506 0.192035
15 0.0809215 0.42971 0.489369
15 0.22008 0.319655 0.460264
37 0.379874 0.0378134 0.582313
2296 0.744662 0.00692975 0.248408
2296 0.456552 0.532037 0.0114105
2296 0.323187 0.0707718 0.606041
2879 0.807648 0.134875 0.0574774
2878 0.340035 0.181799 0.478166
2879 0.182065 0.585802 0.232133
2367 0.181353 0.282291 0.536356
2367 0.00853419 0.812867 0.178599
2368 0.471914 0.258751 0.269335
956 0.831308 0.142223 0.0264691
1337 0.537875 0.0468988 0.415226
1927 0.0801206 0.39402 0.52586
4384 0.763455 0.152378 0.0841674
2508 0.132388 0.242277 0.625335
1449 0.212365 0.11749 0.670145
3072 0.529364 0.0920121 0.378624
1642 0.315311 0.269272 0.415417
96 0.264911 0.284469 0.45062
3129 0.553884 0.370274 0.0758425
3128 0.0644749 0.658948 0.276577
224 0.200429 0.195394 0.604177
224 0.728764 0.200112 0.0711239
4008 0.574319 0.0907175 0.334963
412 0.0842979 0.274222 0.641481
1129 0.628136 0.093871 0.277993
3908 0.162964 0.172927 0.664109
158 0.0504028 0.661431 0.288166
323 0.107077 0.429903 0.46302
2875 0.545413 0.384065 0.0705216
1065 0.339072 0.4998 0.161128
755 0.751502 0.0359744 0.212523
756 0.891228 0.0959036 0.0128684
2126 0.396324 0.451987 0.151689
290 0.157788 0.0855919 0.756621
3503 0.472779 0.0457346 0.481486
3827 0.17071 0.819585 0.00970434
4448 0.0606581 0.0666369 0.872705
135 0.675887 0.0984454 0.225667
2487 0.159295 0.575199 0.265506
413 0.156992 0.247127 0.595881
2728 0.0491186 0.443365 0.507516
2727 0.203932 0.595641 0.200427
4209 0.932263 0.0359847 0.0317521
860 0.498072 0.451365 0.0505629
3366 0.539762 0.12197 0.338268
860 0.0271195 0.799009 0.173872
834 0.348453 0.0737244 0.577822
536 0.189188 0.172277 0.638535
834 0.570469 0.360734 0.0687975
1589 0.115564 0.297112 0.587324
2036 0.0949538 0.882284 0.0227625
2558 0.74666 0.114446 0.138893
2603 0.0187392 0.760462 0.220799
3277 0.285373 0.233582 0.481044
685 0.5 0.5 0
1510 0.317978 0.390918 0.291104
2939 0.183809 0.623914 0.192277
3715 0.330587 0.203918 0.465495
3033 0.322675 0.285988 0.391336
305 0.483404 0.305229 0.211367
1539 0.351566 0.124413 0.52402
4502 0.538512 0.110666 0.350822
4316 0.5 0.5 0
1839 0.0950906 0.335111 0.569798
3077 0.0673142 0.575498 0.357188
4125 0.477453 0.0259647 0.496582
2927 0.564974 0.323051 0.111974
2662 0.135906 0.746047 0.118046
2662 0.548558 0.252309 0.199133
1790 0.0386205 0.931041 0.0303383
1790 0.0297944 0.335649 0.634557
1789 0.484157 0.205103 0.31074
399 0.210731 0.665688 0.123581
3148 0.0163024 0.699437 0.28426
2315 0.0539561 0.0905118 0.855532
1580 0.5 0 0.5
3360 0.0913939 0.385141 0.523465
2213 0.118073 0.383352 0.498575
1727 0.290793 0.113245 0.595961
3139 0.292241 0.0531449 0.654614
1834 0.971168 0.0241495 0.00468261
1834 0.583079 0.155016 0.261906
556 0.475379 0.139685 0.384936
247 0.275555 0.21768 0.506765
2510 0.0284146 0.36185 0.609736
1670 0.402173 0.296589 0.301238
3255 0.680283 0.140514 0.179203
1441 0.312185 0.651041 0.0367737
3942 0.713356 0.0344488 0.252195
155 0.00631732 0.470818 0.522864
4271 0.0276293 0.573213 0.399157
57 0.00701652 0.657772 0.335212
2171 0.282081 0.5119 0.206019
3633 0.174281 0.121515 0.704203
1579 0.578392 0.381644 0.0399636
4080 0.352755 0.286633 0.360611
853 0.316093 0.557484 0.126422
853 0.721219 0.0413601 0.237421
124 0.0596933 0.901397 0.0389096
1705 0.224191 0.311177 0.464633
3272 0.069073 0.504962 0.425965
27 0.153209 0.531487 0.315304
1550 0.0859335 0.661181 0.252885
1550 0.102493 0.184649 0.712859
2526 0.420139 0.513476 0.0663852
4156 0.211807 0.355096 0.433097
909 0.460625 0.31565 0.223725
1445 0.615795 0.0406655 0.343539
790 0.437085 0.04378 0.519135
278 0.342592 0.0175918 0.639816
2235 0.257522 0.0254966 0.716982
2060 0 0.5 0.5
3297 0 0 1
1134 0.827987 0.084585 0.0874285
1417 0.294102 0.318377 0.387521
266 0.0286119 0.549722 0.421666
596 0.182358 0.63218 0.185462
1991 0.318225 0.098061 0.583715
3066 0.694059 0.044019 0.261922
1845 0.729224 0.0862196 0.184557
865 0.257694 0.664241 0.0780656
2237 0.185893 0.48895 0.325157
4111 0.0528158 0.515631 0.431553
1636 0.015041 0.97853 0.00642918
857 0.5 0.5 0
1657 0.210109 0.727463 0.062428
304 0.203925 0.75615 0.0399248
1119 0.343839 0.137402 0.518759
1476 0.433975 0.493882 0.072143
45 0.0377656 0.480391 0.481844
8 0.437955 0.100712 0.461333
4084 0.0618701 0.19516 0.74297
4306 1 0 0
1272 0.657144 0.0314271 0.311429
1264 0.745129 0.172885 0.0819864
2679 0.00330141 0.78328 0.213419
103 0.921098 0.0689862 0.00991539
2240 0.609844 0.248949 0.141207
1851 0.339575 0.46479 0.195635
3603 0.556181 0.14741 0.29641
4385 0.0314306 0.805555 0.163014
283 0.5 0 0.5
3058 0.39708 0.088442 0.514478
3059 0.489781 0.201931 0.308289
508 0.390195 0.093413 0.516392
4538 0.290671 0.253729 0.4556
2239 0.461106 0.209853 0.329042
2496 0.273637 0.532722 0.193641
2026 0.00646684 0.542072 0.451461
2027 0.292058 0.674706 0.0332363
4000 0.64182 0.190084 0.168096
1197 0.0970602 0.884148 0.0187918
468 0.550602 0.410909 0.038489
1766 0.5 0.5 0
1765 0.387714 0.581832 0.0304547
1772 0.269466 0.266839 0.463695
1231 0.555073 0.177716 0.267211
151 0.0633547 0.0778817 0.858764
988 0.0532469 0.328164 0.618589
289 0.550301 0.182481 0.267218
4508 0.597897 0.0973897 0.304713
1866 0 0.5 0.5
3727 0.652719 0.236076 0.111204
3487 0.0835987 0.669953 0.246448
4395 0.624217 0.241374 0.134409
3947 0.155984 0.413774 0.430242
3184 0.524335 0.472884 0.00278042
1817 0.170987 0.351901 0.477112
2622 0.302098 0.644287 0.0536152
2134 0.722182 0.134034 0.143784
2943 0.285471 0.439414 0.275116
1377 0.475081 0.135287 0.389632
1456 0.341376 0.306351 0.352272
1257 0.0275964 0.831451 0.140953
3974 1 0 0
2997 0.5 0 0.5
2863 0.462554 0.431156 0.10629
3397 0.114571 0.216876 0.668553
3397 0.503993 0.297034 0.198974
2226 0.389831 0.0608105 0.549358
1242 0.237782 0.169905 0.592313
447 0.758941 0.0536762 0.187383
2575 0.366547 0.553496 0.0799565
2125 0.510059 0.0182198 0.471722
728 0.328844 0.162622 0.508534
446 0.0948665 0.214854 0.69028
1875 0.336587 0.35152 0.311893
8 0.082181 0.145597 0.772223
1571 0.236145 0.401851 0.362004
1310 0.179963 0.39278 0.427258
3216 0 0 1
2855 0.163752 0.309777 0.526471
2854 0.113746 0.631718 0.254536
2423 0.0799937 0.520662 0.399344
378 0.602228 0.184307 0.213465
1608 0.0500671 0.375643 0.57429
1399 0.289836 0.191137 0.519027
1399 0.0146345 0.235584 0.749782
1185 0.793103 0.203033 0.0038642
771 0.17718 0.260536 0.562284
4329 0.353548 0.403836 0.242616
597 0.0689858 0.592492 0.338523
3557 0.627771 0.341937 0.0302918
1062 0.749907 0.129921 0.120172
1838 0.0582495 0.525888 0.415863
1911 0.449862 0.444933 0.105206
3557 0.413561 0.172619 0.41382
1474 0.110162 0.477986 0.411852
1474 0.701003 0.0345093 0.264488
138 0.10144 0.89158 0.00698005
1389 0.0507545 0.114936 0.834309
834 0.130582 0.192139 0.67728
834 0.342328 0.525921 0.131751
2829 0.0869346 0.533065 0.380001
3336 0.39258 0.0236812 0.583739
1437 0.556947 0.139677 0.303376
3120 0.0659076 0.2173 0.716793
2472 0.628896 0.281212 0.0898922
2750 0.5 0.5 0
403 0.449687 0.0145936 0.53572
2648 0.287713 0.597043 0.115244
2488 0.114598 0.079458 0.805944
2489 0.960228 0.0285992 0.0111726
4174 0.545227 0.147883 0.30689
3979 0.216035 0.462674 0.32129
1786 0.295657 0.435398 0.268946
4444 0.123952 0.565855 0.310193
466 0.91231 0.0325542 0.0551357
3740 0.393084 0.552484 0.0544313
466 0.305913 0.658936 0.0351507
1820 0.597939 0.150797 0.251264
61 0.569081 0.144357 0.286562
1819 0.648597 0.164455 0.186948
1729 0.503103 0.461481 0.0354159
711 0.848283 0.131751 0.0199659
3678 0 0.5 0.5
1780 0.63101 0.280709 0.0882813
1779 0.27063 0.500468 0.228901
2300 0.411299 0.348441 0.24026
2300 0.221402 0.371734 0.406864
4126 0.227703 0.0541571 0.71814
3525 0.284967 0.146244 0.568789
3920 0.622957 0.023199 0.353844
3914 0.694717 0.0039733 0.30131
3691 0.370977 0.0266522 0.602371
3913 0.478971 0.0846806 0.436348
76 0.870671 0.0021529 0.127176
883 0.464299 0.235738 0.299963
1691 0.175568 0.514748 0.309684
855 0.491694 0.23861 0.269695
3443 0.424835 0.104379 0.470786
855 0.5 0 0.5
3207 0.267358 0.696708 0.0359332
3207 0.5 0.5 0
3275 0.692989 0.123864 0.183148
1099 0.418781 0.524849 0.0563692
181 0.185366 0.29463 0.520003
3848 0.12777 0.280588 0.591642
437 0.184265 0.206421 0.609313
595 0.0634946 0.787582 0.148923
595 0.155236 0.32289 0.521874
2217 0.466952 0.433957 0.0990913
3063 0.645536 0.0526618 0.301803
2416 0.083124 0.864501 0.0523747
2321 0.37518 0.502254 0.122566
756 0.140512 0.131007 0.728481
3118 0.0949205 0.718269 0.186811
2932 0.160949 0.556388 0.282663
174 0.548093 0.385287 0.0666193
470 0.127349 0.44612 0.426531
3326 0.775946 0.196828 0.027226
1975 0.153818 0.815936 0.0302459
1974 0.207477 0.270937 0.521586
3350 0.0865369 0.0284764 0.884987
2837 0.485287 0.355417 0.159296
2836 0.266305 0.553696 0.179999
1687 0.664922 0.289277 0.0458012
1014 0.480299 0.146113 0.373588
1687 0.36214 0.457242 0.180618
1015 0.5 0.5 0
1595 0.5 0 0.5
48 0.110176 0.00931012 0.880514
489 0.591464 0.283226 0.12531
203 0.438005 0.42306 0.138936
2357 0.156696 0.593149 0.250155
1011 0.142573 0.808327 0.0490991
2548 0.114599 0.424761 0.46064
3356 0.145752 0.0715624 0.782686
1835 0.720239 0.234958 0.0448032
4462 0.0703846 0.433194 0.496422
3042 0.748575 0.247222 0.0042028
84 0.311599 0.11131 0.577092
1267 0 0.5 0.5
933 0.480574 0.110545 0.408881
22 0.0230449 0.058507 0.918448
255 0.413142 0.266273 0.320585
2746 0.0387602 0.318753 0.642486
3762 0.580761 0.0442339 0.375005
505 0.0722099 0.632797 0.294993
824 0.65186 0.147775 0.200365
110 0.888067 0.0789932 0.0329402
2784 0.211714 0.170062 0.618224
1404 0.435098 0.4391 0.125802
1833 0.312142 0.425666 0.262193
1834 0.20356 0.184993 0.611447
3333 0.133046 0.849352 0.0176025
372 0.641109 0.332642 0.0262492
4084 0.468505 0.148912 0.382582
4179 0.394185 0.291899 0.313916
1309 0.908636 0.0374378 0.0539258
2723 0.027414 0.572817 0.399769
1844 0.651771 0.244024 0.104204
3916 0.475498 0.463397 0.0611043
1716 0.697359 0.157933 0.144708
1715 0.67232 0.00100593 0.326674
4425 0.393598 0.158157 0.448245
3051 0.703347 0.0186228 0.27803
2022 0.394208 0.532161 0.073631
4373 0.714303 0.126387 0.15931
1488 0.211253 0.241374 0.547373
218 0.248873 0.463054 0.288073
813 0.872671 0.0566277 0.0707018
150 0.629622 0.261865 0.108513
2913 0.0333384 0.0088575 0.957804
390 0.303754 0.246243 0.450003
3651 0.138869 0.0214789 0.839652
97 0.0202263 0.501571 0.478202
1869 0.787704 0.04567 0.166626
2179 0.0218591 0.728779 0.249362
1346 0.489409 0.101113 0.409479
3607 0.0970351 0.783812 0.119153
1297 0.372433 0.0900697 0.537498
1297 0.311868 0.497152 0.19098
4126 0.809908 0.0683561 0.121736
1626 5.68002e-14 1 1.83431e-14
4181 0.203622 0.546361 0.250016
2990 0.114776 0.319256 0.565968
976 0.139399 0.0733505 0.787251
2432 0 0 1
1823 0.56253 0.331682 0.105788
1824 0.0230286 0.0527556 0.924216
527 0.266342 0.102661 0.630997
4107 0.42363 0.0437439 0.532626
4107 0 0.5 0.5
4442 0.431266 0.0650013 0.503733
281 0.171095 0.203731 0.625174
1717 0.308314 0.676514 0.015172
194 0.100031 0.833894 0.0660758
3237 0.134078 0.506872 0.35905
2601 0.0953259 0.110238 0.794436
2191 0.577941 0.342111 0.0799475
2121 0.0189816 0.220018 0.761001
2767 0.247053 0.0758451 0.677102
1812 0.289894 0.319036 0.39107
1431 0.912099 0.00477389 0.0831276
1431 0.372195 0.0695451 0.55826
1508 0.2084 0.224391 0.567209
1508 0.0763186 0.723956 0.199726
3007 0.165082 0.400358 0.43456
380 0.0677361 0.249753 0.682511
559 0.16102 0.660609 0.178371
4351 0.0303727 0.578448 0.391179
175 0.220013 0.4484 0.331587
379 0.0758688 0.0991173 0.825014
2806 0.0380989 0.00461953 0.957282
4086 0.729042 0.229863 0.041095
533 0.207142 0.483134 0.309724
4326 0.253122 0.0381509 0.708727
3421 0.0102846 0.258751 0.730964
1097 0.113967 0.285744 0.600289
1097 0.134947 0.840456 0.0245968
4296 0.0483531 0.92547 0.0261771
1814 0.553804 0.0959304 0.350266
854 0.254699 0.63324 0.112061
1873 0.506939 0.417614 0.075447
4397 0.377823 0.00481234 0.617365
2466 0.5 0 0.5
2909 0.202451 0.149092 0.648457
3099 0.0824251 0.203453 0.714122
2039 0.153079 0.800592 0.0463284
2038 0.205587 0.623437 0.170977
2770 0.474147 0.323277 0.202575
2769 0.167062 0.16464 0.668299
1120 0.54902 0.389724 0.0612563
2891 0.78131 0.0116921 0.206998
2142 0.639279 0.171815 0.188905
519 0.115435 0.477779 0.406786
2473 0.816317 0.0482391 0.135443
3420 0.446681 0.103285 0.450035
3572 0.613843 0.108707 0.277449
661 0.681871 0.23228 0.0858488
2718 0.0209552 0.00218771 0.976857
662 0.0678002 0.447987 0.484213
1688 0.424249 0.200269 0.375482
3185 0.110123 0.37957 0.510307
2185 0.427359 0.0693043 0.503337
967 0.377261 0.492995 0.129744
1484 0.32663 0.451383 0.221987
4478 0.5 0 0.5
4477 0.5 0.5 0
263 0.290591 0.332382 0.377026
2175 0.835799 0.040199 0.124002
2176 0.472819 0.0627827 0.464398
1060 0.138096 0.0446965 0.817208
1479 0.15096 0.0206101 0.828429
4118 0.652885 0.295055 0.0520604
4139 0.182398 0.638818 0.178784
1996 0.115781 0.506731 0.377488
1264 0.383522 0.00456639 0.611912
103 0.221879 0.095382 0.682739
3995 0.472702 0.0304997 0.496798
2680 0.324348 0.453035 0.222617
4356 0 1 0
1641 0.0242678 0.26272 0.713012
2249 0.249385 0.264329 0.486287
4411 0.369959 0.598713 0.0313284
3580 0.218936 0.577898 0.203166
2099 0.304978 0.318917 0.376105
339 0.153242 0.698339 0.14842
2953 0.456097 0.269394 0.274509
2295 0.0365568 0.76858 0.194863
3207 0.5 0.5 0
493 0.322452 0.291889 0.38566
384 0.013828 0.273684 0.712488
265 0.475932 0.357843 0.166225
724 0.570038 0.0173542 0.412608
1667 0.0155478 0.753996 0.230456
3660 0.360902 0.481429 0.157669
2361 0.201269 0.710534 0.0881969
1156 0.732319 0.153481 0.114199
1251 0.382641 0.277553 0.339806
600 0.148682 0.141301 0.710017
2470 0.604509 0.158663 0.236828
2928 0.258728 0.243139 0.498133
1410 0.823903 0.0905039 0.0855935
1855 0.923017 0.0286266 0.048356
3478 0.304241 0.299513 0.396246
962 0.0158449 0.88499 0.0991647
3235 0.380136 0.0417826 0.578081
2029 0.158264 0.559357 0.282378
1063 0.603474 0.299212 0.0973147
444 0.127226 0.287544 0.58523
2041 0.434102 0.0363607 0.529538
1297 0.949898 0.0453569 0.00474527
949 0.0797691 0.39845 0.521781
1666 0.255485 0.416474 0.328041
3974 0.326161 0.449657 0.224183
3974 1 0 0
1545 0.0196216 0.168205 0.812173
2989 0.219322 0.224481 0.556196
2996 0.574755 0.102653 0.322592
1191 0.229565 0.667494 0.102941
1191 0.174619 0.327579 0.497802
658 0.104475 0.596181 0.299344
3619 0.546845 0.422613 0.0305425
860 0.861266 0.0439762 0.0947576
213 0.183014 0.267214 0.549773
2958 0.22923 0.231888 0.538882
3604 0.795797 0.0367995 0.167403
1851 0.497969 0.0528166 0.449214
3918 0.677523 0.273215 0.0492619
2353 0.469359 0.36951 0.161131
3265 0.00997608 0.54937 0.440654
3465 0.0385354 0.871634 0.0898308
2452 0.570712 0.0485443 0.380743
156 0.600412 0.389302 0.0102855
1388 0.165124 0.0388484 0.796028
2831 0.345386 0.180242 0.474372
3910 0.605407 0.0960135 0.29858
3343 0.5 0 0.5
4172 0.51575 0.00430421 0.479946
72 0.188994 0.151412 0.659594
15 0.670195 0.0471625 0.282642
72 0.302362 0.426984 0.270654
1674 0.227291 0.0267722 0.745937
386 0.500559 0.420019 0.0794216
2746 0.386449 0.554935 0.0586162
2014 0.00146917 0.991639 0.00689151
593 0.454518 0.0329092 0.512573
1804 0.324174 0.0419393 0.633887
4383 0.274866 0.628481 0.096653
2158 0.288987 0.112866 0.598147
1920 0.76389 0.18654 0.0495707
1495 0.0400403 0.523124 0.436836
707 0.151594 0.062472 0.785934
53 0.171069 0.000758984 0.828172
1152 0.657224 0.0776486 0.265127
573 0.837922 0.102695 0.0593826
1089 0.287652 0.316574 0.395774
2193 0.123571 0.464419 0.41201
509 0.26135 0.693719 0.0449312
794 0.194071 0.778794 0.0271349
81 0.966608 0.0193571 0.0140345
688 0.0649965 0.309085 0.625919
1793 0.0301232 0.577748 0.392129
1423 0.334179 0.550585 0.115236
2763 0.59776 0.00133554 0.400904
3235 0 1 0
55 0.354846 0.623544 0.0216105
371 0.0797365 0.0582983 0.861965
1548 0.235579 0.423952 0.340469
142 0.547402 0.103735 0.348863
4349 0.0106338 0.786744 0.202622
4350 0.204357 0.0328899 0.762753
2300 0.448065 0.522172 0.0297628
18 0.116503 0.203077 0.680421
18 0.532922 0.168932 0.298145
1785 0.467857 0.117195 0.414948
1975 0.384408 0.262685 0.352906
1317 0.325568 0.568722 0.105711
164 0.537285 0.110616 0.352099
737 0.0943505 0.201819 0.703831
4258 0.440261 0.383151 0.176587
2299 0.0287891 0.546707 0.424504
2161 0.181232 0.570845 0.247923
2162 0.902945 0.0528321 0.0442229
1187 0.495477 0.312557 0.191966
29 0.528804 0.434615 0.0365814
3003 0.0557327 0.910858 0.0334094
3002 0.508696 0.129792 0.361512
3002 0.00472525 0.719369 0.275906
1163 0.255121 0.31417 0.430709
755 0.154742 0.0687348 0.776523
4279 0.5 0.5 0
2146 0 0.5 0.5
2145 0.193538 0.2791 0.527362
3540 0.402246 0.373569 0.224184
2253 0.2821 0.185839 0.532061
1134 0.0151429 0.329252 0.655605
1134 0.111642 0.71442 0.173938
1983 0.208482 0.621385 0.170133
1983 0.662724 0.00742143 0.329855
1420 0.676796 0.0060129 0.317192
1449 0.5 0 0.5
3019 0.807337 0.0451148 0.147548
3732 0.310242 0.0434311 0.646327
11 0.16535 0.796952 0.0376981
3401 0.19345 0.775866 0.030684
693 0.137147 0.41815 0.444703
952 0.108397 0.272533 0.619069
2105 0.457277 0.524665 0.0180578
2922 0.0785042 0.339574 0.581922
575 0.455774 0.378678 0.165548
1758 0.0510373 0.707883 0.24108
1362 0.171227 0.161095 0.667678
1560 0.188855 0.268744 0.542401
2101 0.500284 0.0271651 0.472551
3116 0.337737 0.537628 0.124635
3989 0.673126 0.0380774 0.288797
919 0.236768 0.674505 0.0887264
918 0.542783 0.299595 0.157622
1865 0.424031 0.331164 0.244805
697 0.244529 0.0497671 0.705704
2529 0.304871 0.259232 0.435897
1923 0.596916 0.401633 0.00145104
2410 0.0992631 0.141719 0.759018
464 0.457287 0.198338 0.344375
4162 0.669653 0.0312429 0.299105
2125 0 0.5 0.5
3866 0.103415 0.249548 0.647037
2430 0.109568 0.16528 0.725152
3591 0.5 0.5 0
3324 0.383134 0.5929 0.0239663
4239 0.351805 0.564696 0.0834987
229 0.532907 0.392796 0.0742966
4239 0 0.5 0.5
1585 0 0 1
2762 0.342803 0.0305543 0.626643
3849 0.256766 0.709178 0.0340554
1906 0.0674325 0.299224 0.633343
2626 0.0263983 0.504046 0.469556
2968 0.202403 0.75151 0.046087
3200 0.5 0.5 0
3444 0.104971 0.525023 0.370006
3444 0.0716096 0.154182 0.774209
3444 0.483582 0.197524 0.318893
3443 0.799757 0.057121 0.143122
3443 0.228741 0.555419 0.21584
1400 0.020568 0.850113 0.129319
1400 0.850796 0.0471237 0.10208
4125 0.603477 0.282643 0.11388
1400 0.424203 0.311916 0.263881
4405 0.646586 0.25531 0.0981044
2614 0.0620945 0.260012 0.677894
1712 0.763809 0.193653 0.0425382
59 0.26707 0.279 0.45393
3254 0.0431367 0.652366 0.304497
772 0.518426 0.337456 0.144118
2288 0.297175 0.579305 0.12352
261 0.87787 0.0140451 0.108085
2649 0.429011 0.239844 0.331145
261 0.00271608 0.226476 0.770808
3318 0.015783 0.546245 0.437972
1816 0.262522 0.644062 0.0934165
1950 0.421083 0.557957 0.0209603
3417 0.285934 0.596548 0.117518
1950 0.0745664 0.177838 0.747595
792 0.332928 0.191482 0.475589
674 0.533349 0.307461 0.159191
1733 0.0447344 0.000321287 0.954944
9 0.130972 0.372841 0.496187
1256 0 0 1
1779 0.0378628 0.369499 0.592638
1745 0.68662 0.0987097 0.21467
1746 0.5 0.5 0
1414 0.156162 0.0263784 0.81746
671 0.209324 0.697704 0.0929716
1507 0.422684 0.521022 0.0562948
2308 0.15407 0.732786 0.113144
2307 0.0394608 0.0770073 0.883532
3342 0.465946 0.155443 0.378611
1508 0.614638 0.29236 0.0930015
739 0.355486 0.551749 0.0927651
3005 0.260183 0.15138 0.588437
1353 0.134873 0.602305 0.262822
3781 0.833636 0.027178 0.139186
4327 0.697253 0.11349 0.189257
1813 0.315528 0.538458 0.146014
1339 0.154263 0.445541 0.400196
789 0.0771551 0.194419 0.728426
2061 0.372838 0.471811 0.155351
1581 0.283536 0.579547 0.136918
1114 0.729852 0.227435 0.0427133
790 0.0578025 0.735391 0.206807
3984 0.0573426 0.217322 0.725336
1679 0.12333 0.799172 0.077498
78 0.500819 0.295732 0.203449
667 0.398594 0.346875 0.254531
1024 0.274985 0.0516604 0.673355
2123 0.957469 0.0276247 0.0149063
3663 0.458495 0.359704 0.181801
1327 0.268788 0.387924 0.343288
3232 0.439027 0.366522 0.194451
712 0.4326 0.0215896 0.545811
1840 0.306855 0.086014 0.607131
2849 0.170117 0.150988 0.678895
2300 0.139722 0.731704 0.128575
86 0.114737 0.361683 0.52358
2326 0.331539 0.588633 0.0798285
1320 0.0466111 0.13802 0.815369
108 0.371587 0.525251 0.103162
3348 0.38074 0.442686 0.176574
572 0.326032 0.426864 0.247104
1506 0.838283 0.149155 0.0125622
1792 0.176036 0.314614 0.50935
4299 0.5 0 0.5
3203 0.0203119 0.277744 0.701944
2903 0.6162 0.129072 0.254728
3608 0.0345108 0.918949 0.0465404
3497 0.0329819 0.0403319 0.926686
2286 0.31961 0.338193 0.342198
2286 0.247967 0.0400964 0.711936
2442 0.533539 0.209645 0.256816
639 0.615327 0.093756 0.290917
2835 0.426973 0.486861 0.0861661
2834 0.714875 0.124195 0.16093
3674 0.44638 0.0769183 0.476702
6 0.238252 0.361061 0.400687
645 0.255505 0.131824 0.612671
6 0.187709 0.77566 0.0366312
4325 0.101487 0.407166 0.491347
2380 0.0300965 0.895292 0.0746117
1669 0.137853 0.0215464 0.840601
3941 0.100431 0.494567 0.405002
831 0.193978 0.446008 0.360014
3091 0.0183081 0.234181 0.747511
4122 0.0537639 0.43561 0.510626
249 0.0715148 0.587601 0.340884
2393 0.276831 0.56941 0.15376
1208 0.125477 0.0195984 0.854924
3351 0.553583 0.312052 0.134366
2253 0.112102 0.473854 0.414044
708 0.606829 0.291105 0.102066
2253 0.5 0.5 0
4306 0.214928 0.749734 0.0353381
3223 0.241282 0.641349 0.117369
1501 0.777086 0.206591 0.0163231
1058 0.113542 0.613795 0.272662
4409 0.122002 0.248689 0.629309
2813 0.401211 0.293007 0.305782
2644 0.5 0 0.5
925 0.111399 0.038247 0.850354
4304 0.399825 0.435523 0.164652
3641 0.356943 0.18267 0.460387
3483 0.453196 0.197456 0.349348
2516 0.289771 0.37127 0.338958
1966 0.0315618 0.263139 0.7053
67 0.0682106 0.400437 0.531352
346 0.339745 0.00159827 0.658657
2087 0.0970484 0.764717 0.138235
3839 0.0898697 0.494726 0.415404
189 0.573993 0.268415 0.157592
10 0.0480705 0.417781 0.534148
1323 0.0538356 0.596388 0.349776
4471 0.554253 0.190297 0.25545
1396 0 0.5 0.5
1395 0 1 0
1635 0.114831 0.797849 0.0873198
1635 0.481083 0.37719 0.141727
2652 0.154659 0.45799 0.387351
438 0.142664 0.685641 0.171695
908 0.363183 0.0242455 0.612571
1636 0.5 0 0.5
1267 0.5 0.5 0
808 0 0.5 0.5
808 0 0.5 0.5
183 0.5 0 0.5
4393 0.0495042 0.341841 0.608655
172 0.333283 0.151408 0.515309
4436 0.8095 0.0491193 0.141381
1925 0.480037 0.104249 0.415714
1577 0.509285 0.264548 0.226167
3222 0.0505465 0.703887 0.245567
459 0.143848 0.578651 0.277501
3780 0.21474 0.185371 0.599889
513 0.797756 0.0940075 0.108236
2562 0.412629 0.329134 0.258237
1032 0.368262 0.091167 0.540571
2066 0.0835165 0.352745 0.563738
1033 0.546619 0.0124552 0.440926
2650 0.183496 0.527007 0.289497
3818 0.120014 0.646955 0.233031
4473 0.0550469 0.18014 0.764813
294 0.117103 0.000704242 0.882192
2589 0.51464 0.0666581 0.418702
3354 0.55566 0.384661 0.0596786
4390 0.19093 0.45645 0.35262
407 0.165534 0.39816 0.436306
2295 0.389241 0.304465 0.306295
2295 0.882843 0.0626285 0.0545287
2295 0.0388529 0.65085 0.310297
1306 0.675402 0.104117 0.220481
926 0.775206 0.19209 0.0327041
2591 0.305331 0.238164 0.456505
3824 0.514619 0.213739 0.271643
358 0.365591 0.386819 0.24759
1664 0.914946 0.083507 0.0015466
787 0.139027 0.425058 0.435914
295 0.0924591 0.813411 0.0941295
4051 0.629466 0.0958332 0.274701
4267 0.340158 0.329432 0.33041
1264 0.0312501 0.618124 0.350626
1388 0.517267 0.294291 0.188443
2179 0.0674861 0.274252 0.658262
4359 0.568902 0.000133326 0.430965
2179 0.596503 0.094308 0.309189
4106 0.104796 0.824952 0.0702523
1049 0.355115 0.543638 0.101247
3359 0.891759 0.0946131 0.0136279
783 0.205596 0.348887 0.445517
1759 0.746749 0.0460208 0.20723
2704 0.707586 0.145286 0.147127
2559 0.225006 0.65203 0.122964
1389 0.184409 0.387516 0.428075
2559 0.881877 0.0772655 0.0408571
239 0.413353 0.488963 0.0976839
239 0.0316433 0.439896 0.52846
2823 0.5 0 0.5
1156 0.5 0 0.5
2823 0.308605 0.67842 0.012975
1252 0.47274 0.0245742 0.502686
2780 1 0 0
1075 0.109668 0.115286 0.775046
3710 0.5 0 0.5
1672 0.0520593 0.384529 0.563412
2837 0.282082 0.214299 0.503619
1225 0.692478 0.0502867 0.257235
1225 0.426584 0.369325 0.204091
1670 0.859657 0.0278656 0.112478
4042 0.367305 0.36647 0.266224
1669 0.22989 0.537065 0.233045
4041 0.450475 0.227708 0.321817
1597 0.00386213 0.686413 0.309725
396 0.388115 0.234412 0.377473
375 0.114771 0.334152 0.551076
2672 0.394263 0.196149 0.409588
1328 0.0937139 0.440035 0.466251
3419 0.418991 0.257138 0.323871
3907 0.716624 0.0608483 0.222527
4372 0 0.5 0.5
4344 0 0.5 0.5
3188 0.683833 0.110952 0.205215
4100 0.368395 0.165857 0.465748
1434 0.010269 0.796407 0.193324
2271 0.595836 0.00777761 0.396386
2242 0.794994 0.016699 0.188307
4140 0.12958 0.301554 0.568866
4289 0 1 0
1798 0.0398455 0.655495 0.304659
1570 0.11829 0.61017 0.27154
2592 0.5 0.5 0
2592 0.818163 0.0682426 0.113595
2975 0.0628176 0.683014 0.254168
1570 0.0663638 0.230174 0.703462
4263 0.228838 0.699653 0.0715086
3259 0.567961 0.102147 0.329892
733 0.069767 0.717046 0.213187
3206 0.22422 0.549116 0.226664
3207 0.493451 0.159279 0.34727
3207 0.4112 0.329873 0.258927
3207 0.101261 0.0569759 0.841763
244 0.386681 0.273122 0.340198
119 0.534968 0.0396601 0.425372
1610 0.738458 0.0931621 0.16838
3235 0.0791855 0.683768 0.237047
644 0.184384 0.312628 0.502988
4460 0.318567 0.196187 0.485246
1114 0.168954 0.202759 0.628288
125 0.740621 0.163553 0.0958265
4535 0.0972171 0.100913 0.80187
3381 0 0 1
4081 0.219284 0.597476 0.18324
1590 0.695417 0.0444275 0.260156
2054 0.516621 0.0667551 0.416624
1234 0.17872 0.440442 0.380838
3538 0.00299688 0.696261 0.300742
2014 0.54798 0.0922152 0.359805
3359 0.363586 0.277411 0.359002
1071 0.0101716 0.127388 0.86244
821 0.38963 0.371257 0.239113
821 0.038589 0.213528 0.747883
821 0.564394 0.0923764 0.343229
821 0.307136 0.646317 0.0465464
141 0.166907 0.604209 0.228884
141 0.601674 0.252093 0.146234
69 0.344584 0.538763 0.116654
1205 0.403385 0.551579 0.0450365
3753 0.462187 0.456028 0.0817852
2422 0.36897 0.167608 0.463421
1229 0.364042 0.402899 0.233059
3629 0.548684 0.148707 0.302609
2187 0.565184 0.305254 0.129562
2187 0.0612665 0.549305 0.389428
1742 0.391748 0.208941 0.399311
884 0.681082 0.154309 0.164608
1907 0.512614 0.134923 0.352464
1458 0.127247 0.211398 0.661355
2753 0.693961 0.0527977 0.253241
478 0.208786 0.564765 0.226449
1252 0.17481 0.799268 0.0259228
3318 0.345948 0.00948469 0.644568
1869 0.329296 0.0213827 0.649321
1542 0.643107 0.176888 0.180005
1160 0.453061 0.364871 0.182068
3804 0.745568 0.0756159 0.178816
1808 0.5 0 0.5
2128 0.486675 0.223429 0.289896
2847 0.639611 0.225546 0.134843
4402 0.0156429 0.56107 0.423287
2869 0.5 0.5 0
138 0.582652 0.23037 0.186978
833 0.0773518 0.828744 0.0939037
4249 0.5 0.5 0
1984 0.574121 0.192237 0.233642
557 0.161693 0.33842 0.499887
2613 0.0978971 0.0981038 0.803999
65 0.29053 0.291731 0.417739
1399 0.79628 0.186128 0.017592
83 0.698115 0.142998 0.158887
400 0.63726 0.320219 0.0425201
2317 0.338139 0.3788 0.283062
2317 0.728295 0.053517 0.218188
4057 0.0489428 0.104798 0.846259
1126 0.223883 0.145766 0.630351
2367 0.74308 0.112469 0.144452
3986 0.503395 0.16924 0.327365
1402 0.541261 0.164918 0.293821
1712 0.136745 0.826811 0.0364443
685 0.139182 0.189999 0.670819
645 0.747183 0.01097 0.241847
896 0.0673085 0.578212 0.35448
2460 0.844762 0.14954 0.00569803
2460 0.204196 0.708149 0.0876546
277 0.393887 0.0191283 0.586984
365 0.327847 0.574677 0.0974767
636 0.719599 0.279092 0.00130892
2654 0.701081 0.169651 0.129268
2707 0.212581 0.00667046 0.780748
2628 0.857664 0.0217823 0.120554
111 0.212492 0.409882 0.377625
3796 0.0779155 0.678167 0.243917
2556 0.265902 0.511405 0.222692
1958 0.842944 0.0156276 0.141428
3759 0.713352 0.0353326 0.251315
2235 0.462037 0.419176 0.118787
3819 0.5 0.5 0
3385 0.605664 0.210809 0.183528
2236 0.115378 0.0579945 0.826627
971 0.603173 0.0102578 0.386569
2027 0.630022 0.0838333 0.286145
528 0.161919 0.328371 0.50971
4171 0.0219588 0.283563 0.694478
72 0.0772368 0.510964 0.411799
723 0.456985 0.486004 0.0570118
1380 0 0.5 0.5
1379 0.463818 0.519293 0.0168889
2694 0.395741 0.116242 0.488016
4373 0.0713889 0.0578906 0.87072
333 0.0976954 0.660167 0.242138
4529 0.0728181 0.180598 0.746584
4529 0.0221462 0.44956 0.528294
1641 0.486824 0.497047 0.0161287
2006 0.0214469 0.944618 0.0339347
1641 0.324445 0.374748 0.300807
483 0.318208 0.218628 0.463164
1686 0.824374 0.0460526 0.129573
673 0.501495 0.381957 0.116549
282 0.152522 0.457384 0.390095
2449 0.492328 0.365948 0.141725
3372 0.0535866 0.628915 0.317499
1497 0.154277 0.121539 0.724184
636 0.10761 0.6574 0.23499
1289 0.0107852 0.0632912 0.925924
124 0.289451 0.052797 0.657752
4117 0.525143 0.43942 0.0354368
3199 0 0.5 0.5
1764 0.404301 0.442593 0.153106
496 0.818584 0.0487979 0.132618
2249 0.814872 0.034314 0.150814
1562 0.150607 0.521847 0.327546
643 0.330785 0.587444 0.0817711
258 0.543612 0.389768 0.0666198
4495 0.177593 0.779196 0.0432111
2185 0.901554 0.0942093 0.00423676
416 0.0899161 0.601159 0.308925
2988 0.411963 0.291148 0.296889
2836 4.55763e-05 0.32068 0.679274
632 0.497584 0.25524 0.247176
4345 0.501739 0.0876346 0.410627
2045 0.448235 0.127475 0.424289
1952 0 0 1
3376 1 0 0
1787 0.5 0.5 0
1787 0.5 0.5 0
15 0.0742287 0.0140307 0.911741
362 0.27792 0.447606 0.274474
2059 0.0451167 0.0637925 0.891091
616 0.263984 0.352188 0.383828
2335 0.279902 0.561834 0.158264
1240 0.442315 0.400685 0.157
1915 0.395385 0.331308 0.273308
264 0.741832 0.0570686 0.201099
264 0.0727878 0.511354 0.415858
264 0.124319 0.0906421 0.785039
1563 0.268508 0.252078 0.479414
143 0.643588 0.153198 0.203214
484 0.271605 0.245066 0.483329
52 0.351081 0.410901 0.238018
2885 0.709207 0.287092 0.00370053
3496 0.203475 0.328954 0.467571
4529 0.330121 0.198517 0.471362
1879 0.730952 0.232082 0.0369659
513 0.0937532 0.535993 0.370254
3377 0.380293 0.614623 0.00508428
861 0.363959 0.184121 0.45192
3378 0.245061 0.753031 0.00190779
2793 0.395109 0.137598 0.467293
3378 0.580724 0.265741 0.153535
2144 0.299743 0.209587 0.49067
1289 0.249254 0.318875 0.431872
1289 0.692635 0.213885 0.0934798
2143 0.20348 0.318154 0.478366
2433 0.531308 0.440088 0.0286042
3680 0.432428 0.518522 0.0490492
2165 0.207132 0.688343 0.104526
3679 0.0240626 0.412121 0.563816
594 0.112687 0.205424 0.681889
3923 0.318799 0.441646 0.239556
2796 0.402159 0.412672 0.185169
2094 0.795407 0.203875 0.000718508
4500 0.442065 0.138781 0.419154
2745 0.242198 0.276862 0.480941
1885 0.109313 0.703479 0.187208
44 0.312112 0.631546 0.0563419
967 0.0877718 0.0392371 0.872991
2509 0.240796 0.0689569 0.690247
558 0.170201 0.248498 0.581301
2509 0.791517 0.185046 0.0234378
2660 0.383088 0.486264 0.130647
515 0.412139 0.39844 0.189421
4309 0.0907506 0.787932 0.121318
317 0.0754652 0.842051 0.0824842
512 0.611859 0.233384 0.154758
1687 0.152956 0.152153 0.694891
392 0.0138094 0.117524 0.868667
1194 0.715768 0.197846 0.0863861
2691 0.244854 0.308006 0.447141
2934 0.681166 0.258093 0.0607411
7 0.565558 0.138224 0.296218
2776 0.198893 0.629175 0.171932
938 0.501999 0.330851 0.16715
4306 0 0.5 0.5
666 0.0782249 0.161764 0.760012
4257 0.247252 0.129053 0.623695
4257 0.210999 0.532247 0.256754
2299 0 0.5 0.5
2299 0.0524756 0.268236 0.679288
1190 0.866374 0.00948795 0.124138
3032 0.371994 0.0956444 0.532361
799 0.042757 0.250116 0.707127
2879 0.421022 0.05501 0.523968
1134 0.456648 0.134559 0.408792
1134 0.365954 0.418841 0.215205
316 0.140051 0.564291 0.295658
1235 0.528775 0.158251 0.312974
3835 0.0262705 0.122362 0.851368
4046 0.488912 0.212294 0.298795
1132 0.375811 0.392208 0.231981
4032 0.540875 0.439932 0.0191928
1559 0.137723 0.0324081 0.829868
2783 0.290037 0.273141 0.436822
3628 0.414023 0.575111 0.0108653
4135 0.135241 0.491055 0.373703
2784 0.742264 0.155847 0.101889
934 0.635237 0.125289 0.239474
2074 0.100831 0.407108 0.492061
1073 0.393678 0.0890765 0.517245
1675 0.197472 0.590755 0.211772
381 0.340718 0.401697 0.257584
3472 0.219771 0.318377 0.461852
2280 0.171642 0.532062 0.296295
668 0.636311 0.29508 0.068609
3226 0.00715337 0.2445 0.748347
2545 0.291165 0.0719597 0.636875
3773 0.53657 0.00473242 0.458698
3955 1 0 0
2073 0.511727 0.0296221 0.458651
29 0.271089 0.042283 0.686628
1403 0.3628 0.213802 0.423398
29 0.574014 0.101252 0.324734
1304 0.195633 0.238808 0.565559
3557 0.935174 0.0329365 0.0318894
1910 0.27566 0.337072 0.387269
197 0.0755568 0.708957 0.215487
3788 0.258854 0.627963 0.113184
3653 0.0664606 0.196679 0.73686
1447 0.0189447 0.633529 0.347526
885 0.763147 0.0215512 0.215302
1336 0.343116 0.583897 0.0729875
291 0.424725 0.364031 0.211243
2345 0.32447 0.648016 0.0275136
3389 0.074213 0.519547 0.40624
1098 0.790338 0.128568 0.0810934
2035 0.282692 0.196657 0.520651
808 0.0631265 0.0462418 0.890632
68 0.0838207 0.453291 0.462888
3503 0.51784 0.446149 0.0360115
587 0.336043 0.398013 0.265944
1356 0.298481 0.530555 0.170964
3294 0.313817 0.664832 0.0213503
682 0.00840944 0.13951 0.85208
103 0.434577 0.431925 0.133498
950 0.0447909 0.740009 0.215201
4324 0.809695 0.136452 0.0538532
1837 0.498005 0.235379 0.266616
4324 0.5 0.5 0
1121 0.197035 0.3961 0.406865
123 0.108127 0.124423 0.76745
284 0.0572294 0.520682 0.422089
284 0.0217799 0.155751 0.82247
1508 0.538763 0.067404 0.393833
994 0.559006 0.178288 0.262707
4257 0.5 0 0.5
666 0.0295864 0.518039 0.452375
188 0.733859 0.093957 0.172184
1036 0.145171 0.454359 0.40047
1457 0.226878 0.0193156 0.753807
2958 0.690144 0.00963499 0.300221
213 0.61136 0.383736 0.00490373
830 0.614839 0.334443 0.050719
3661 0.357362 0.0483579 0.59428
1412 0.0109344 0.37356 0.615506
2986 0.439428 0.298945 0.261627
2230 0.545986 0.0309093 0.423104
217 0.187799 0.224683 0.587518
467 0.323851 0.581429 0.0947202
990 0.381299 0.189079 0.429622
2007 0.672164 0.000416448 0.32742
2006 0.427429 0.226496 0.346074
3824 0.034196 0.218088 0.747716
2015 0.323741 0.373747 0.302512
2316 0.133023 0.235895 0.631082
542 0.191067 0.328871 0.480062
3120 0.780189 0.109278 0.110533
4398 0.0720507 0.0407442 0.887205
1429 0.483492 0.481393 0.0351152
1429 0.125054 0.485971 0.388975
4398 0.238982 0.713017 0.0480017
4063 0.147515 0.676203 0.176282
855 0.266321 0.431134 0.302545
3207 0.460615 0.505937 0.0334476
27 0.486857 0.505695 0.00744767
3795 0.558827 0.0679492 0.373224
687 0.22427 0.663544 0.112185
1767 0.580738 0.126829 0.292433
3296 0.51354 0.359637 0.126823
3439 0 0.5 0.5
801 0.401848 0.394404 0.203748
2497 0.0616115 0.530757 0.407631
2190 0.459994 0.375261 0.164744
1146 0.36022 0.400688 0.239093
1170 0.0799532 0.139945 0.780102
2238 0.169414 0.753018 0.0775682
507 0.0625487 0.11638 0.821072
733 0.327391 0.62558 0.0470292
733 0.624217 0.258314 0.117469
3443 0.0865214 0.299674 0.613804
855 0.8521 0.0125196 0.135381
3342 0.127867 0.527432 0.3447
2454 0.153302 0.420845 0.425854
2454 0.466432 0.430989 0.102579
3952 0.268768 0.222255 0.508978
1983 0.208336 0.19954 0.592125
918 0.173753 0.0415692 0.784678
640 0.963554 0.00129673 0.0351492
4453 0.261116 0.482848 0.256036
4386 0.218661 0.283528 0.49781
1321 0.400278 0.446448 0.153274
327 0.304133 0.360101 0.335765
1295 0.584298 0.172901 0.242801
857 0.0233953 0.5555 0.421104
858 0.514167 0.0620796 0.423753
2406 0.42231 0.320521 0.257169
57 0.305095 0.256864 0.438042
637 0.146286 0.466122 0.387593
2103 0.127516 0.515758 0.356726
436 0.0749968 0.252116 0.672887
49 0.0562157 0.832422 0.111362
4237 0.501331 0.00459084 0.494078
1841 0.641798 0.128889 0.229313
1542 0.114227 0.0790163 0.806756
3620 0.233812 0.632671 0.133516
2870 0.212703 0.173093 0.614204
2638 0.504921 0.271276 0.223803
283 0.561301 0.272131 0.166567
2581 0.160553 0.195886 0.643562
2577 0.0749165 0.916006 0.00907736
3723 0.018214 0.077059 0.904727
988 0.113408 0.881445 0.00514686
3727 0.317404 0.31147 0.371126
3727 0.212186 0.7202 0.067614
4084 0 0.5 0.5
1272 0.346284 0.278851 0.374865
2501 0.0599211 0.930004 0.0100753
3840 0.52062 0.375077 0.104304
782 0.0502957 0.484888 0.464816
4169 0.0330027 0.600418 0.366579
544 0.424275 0.420008 0.155717
4157 0.0247166 0.866027 0.109256
1815 0.311547 0.112959 0.575494
1937 0.816665 0.00471145 0.178624
72 0.365548 0.0123682 0.622084
72 0.566241 0.214725 0.219034
130 0.0631916 0.684193 0.252616
1744 0.242244 0.200671 0.557084
741 0.624782 0.173088 0.202129
2840 0.0117291 0.222481 0.76579
3016 0.500906 0.12301 0.376084
1389 0.229984 0.646458 0.123557
1389 0.558218 0.331435 0.110347
1389 0.845567 0.130511 0.0239219
3726 0.244805 0.304044 0.451152
1227 0.0790205 0.384074 0.536906
1227 0.470229 0.00117296 0.528598
2643 0.326646 0.184713 0.488641
1226 0.670985 0.136509 0.192506
590 0.837255 0.0300997 0.132646
4207 0.600363 0.369614 0.0300233
4207 0.0288643 0.0339774 0.937158
2902 0.41397 0.13584 0.450191
3758 0.85611 0.103483 0.040407
2923 0.00417918 0.41924 0.576581
2996 0.0414606 0.338099 0.62044
994 0.108822 0.856948 0.0342299
3580 0.616095 0.089985 0.29392
3800 0.114378 0.827814 0.0578082
2131 0.285351 0.116229 0.59842
629 0.251167 0.287385 0.461447
2132 0.131736 0.715699 0.152565
2862 0.504868 0.201819 0.293313
2862 0.0750353 0.0757164 0.849248
1311 0.748828 0.235378 0.0157944
2514 0.260348 0.463963 0.275689
1312 0.464331 0.318719 0.216949
4012 0.287537 0.479737 0.232726
4011 0.00202083 0.616272 0.381707
3440 0.5 0.5 0
3440 0.489872 0.296207 0.213921
3439 0.340616 0.408868 0.250516
3061 0.499265 0.368421 0.132314
4270 0.449627 0.189049 0.361324
404 0.0157744 0.203584 0.780642
4076 0.0337074 0.234862 0.731431
2559 0 0.5 0.5
1473 0.425586 0.154575 0.419839
1473 0.741436 0.140526 0.118037
2793 0.0933358 0.805489 0.101175
4220 0.471403 0.495761 0.0328363
1364 0.095899 0.842592 0.0615093
3582 0.113008 0.381061 0.505931
3736 0.792169 0.0815042 0.126327
355 0.319426 0.16052 0.520055
2369 0.5511 0.349264 0.0996362
3934 0.419018 0.510874 0.0701078
3933 0.452923 0.411665 0.135413
4507 0.493192 0.164545 0.342263
2918 0.803252 0.160856 0.0358917
2716 0.215574 0.402403 0.382022
343 0.382007 0.475785 0.142208
1054 0.564854 0.285424 0.149723
1224 0.425598 0.457727 0.116675
1224 0.243657 0.0740036 0.682339
1288 0.120885 0.843819 0.0352959
479 0.165268 0.664636 0.170096
285 0.377398 0.00202432 0.620578
1798 0.537028 0.0134033 0.449568
4124 0.373204 0.0570104 0.569786
709 0.131832 0.532775 0.335393
11 0.0366595 0.266008 0.697332
1958 0.17403 0.639095 0.186875
1418 0.810172 0.126115 0.0637125
1417 0.042992 0.0982025 0.858806
1026 0.780278 0.0456703 0.174051
3305 0.461018 0.094218 0.444764
1317 0.0187179 0.852118 0.129164
687 0.0905872 0.0981867 0.811226
4529 0.100179 0.740576 0.159244
4125 0.0694065 0.502083 0.42851
2173 0.137293 0.221139 0.641568
3089 0.0560907 0.827738 0.116171
2156 0.425612 0.47478 0.0996075
1021 0.202659 0.216021 0.581321
3987 0.706251 0.178926 0.114823
1490 0.0258963 0.691275 0.282829
3887 0.592967 0.253618 0.153415
2799 0.239471 0.433777 0.326753
2151 0.301741 0.532616 0.165643
3352 0.734622 0.116622 0.148757
384 0.590761 0.0549309 0.354308
859 0.492147 0.355542 0.152311
3745 0.334254 0.268919 0.396827
1387 0.213028 0.48702 0.299953
4272 0.0144709 0.508036 0.477493
4271 0.106596 0.0717078 0.821696
1937 0.0117511 0.423854 0.564394
1233 0.347147 0.324485 0.328368
1896 0.54976 0.208638 0.241602
1298 0.387919 0.491544 0.120537
949 0.22826 0.208265 0.563475
133 0.327658 0.582781 0.0895606
2900 0.397842 0.392267 0.209892
3681 0.101263 0.88107 0.0176668
2009 0.417482 0.21843 0.364088
3302 0.271217 0.355298 0.373485
2345 0.0591124 0.0663773 0.87451
2513 0.533283 0.389851 0.0768658
2839 0.00602123 0.966089 0.02789
665 0.461087 0.167135 0.371778
665 0.155279 0.56395 0.280771
4306 1 0 0
4306 0.5 0.5 0
4083 0.167839 0.307669 0.524491
698 0.526586 0.0618447 0.411569
1356 0.396829 0.0711898 0.531981
1251 0.490998 0.464026 0.0449766
4469 0 1 0
53 0.868772 0.00339389 0.127834
2268 0.302237 0.681319 0.0164444
761 0.633629 0.192435 0.173936
1286 0.175792 0.721802 0.102406
70 0.0177848 0.755141 0.227074
3365 0.5 0 0.5
4257 0.6061 0.334268 0.059632
564 0.0681622 0.480362 0.451476
1847 0.0778637 0.791515 0.130622
1848 0.902365 0.0634425 0.0341922
1503 0.0488397 0.279294 0.671867
730 0.137129 0.384953 0.477918
1785 0.5469 0.394223 0.058877
814 0.775957 0.141977 0.0820663
1530 0.499218 0.100281 0.4005
1415 0.394755 0.0795467 0.525698
2967 0.599475 0.195269 0.205256
524 0.12876 0.762857 0.108383
3071 0.542974 0.446311 0.0107151
4283 0.0533056 0.0578516 0.888843
3146 0.330027 0.446798 0.223174
4185 0.200639 0.591425 0.207936
371 0.165906 0.549969 0.284125
55 0.523828 0.330065 0.146107
4131 0.0932646 0.844301 0.0624341
3941 0.368383 0.190683 0.440934
2343 0.566981 0.306256 0.126763
3942 0.218333 0.68553 0.0961365
2922 0.363283 0.623116 0.0136005
365 0.333169 0.192413 0.474418
2429 0.0771588 0.117788 0.805054
3585 0.347935 0.0338258 0.61824
3585 0 1 0
2592 0.343065 0.0706014 0.586334
1569 0.562 0.423447 0.0145534
1570 0.618745 0.318416 0.0628396
1128 0.0448537 0.532491 0.422656
4340 0.398368 0.437154 0.164478
3707 0.369517 0.551328 0.0791548
343 0.0625255 0.387785 0.54969
3825 0.160873 0.528804 0.310323
2272 0.900281 0.0935966 0.00612273
266 0.451082 0.275347 0.273571
3539 0.0620692 0.0252719 0.912659
2550 0.0427452 0.321578 0.635677
2550 0.619993 0.118966 0.261042
1716 0.561657 0.0214265 0.416917
2180 0.12406 0.849904 0.0260352
4359 0.299655 0.646783 0.0535618
3560 0.289056 0.349762 0.361182
199 0.137926 0.174331 0.687743
14 0.12067 0.0858473 0.793483
1986 0.925062 0.0615588 0.0133792
2039 0.228126 0.182063 0.589811
1706 0.207902 0.594645 0.197453
1996 0.162322 0.0938079 0.74387
1797 0.611585 0.281349 0.107067
1541 0.12237 0.534059 0.343571
1997 0.306796 0.407908 0.285296
621 0.545122 0.328907 0.125972
858 0.191138 0.739672 0.0691906
4535 0.223672 0.232636 0.543692
1230 0.416645 0.378298 0.205057
3925 0.151558 0.370729 0.477713
1478 0.33731 0.0109097 0.651781
1477 0.794075 0.112501 0.0934238
719 0.227662 0.149331 0.623007
326 0.0687505 0.632032 0.299218
2401 0.576436 0.0117257 0.411838
2596 0.5 0 0.5
1924 0.0388299 0.22077 0.7404
2159 0.471928 0.0193179 0.508754
2126 0.194446 0.320379 0.485174
3321 0.747599 0.0554401 0.196961
4271 0.468325 0.47287 0.058805
669 0 0.5 0.5
763 0.242572 0.27064 0.486788
1500 0.471415 0.290384 0.238201
2871 0.5 0.5 0
2712 0.862663 0.0816971 0.0556394
2780 0.599082 0.343895 0.0570233
1742 0.897142 0.0753686 0.027489
3629 0.124861 0.0423439 0.832795
1349 0.0278135 0.959633 0.012554
173 0.147787 0.834798 0.0174157
2592 0.0102208 0.564777 0.425002
3403 0.287164 0.607847 0.104989
1333 0.337555 0.158136 0.50431
2839 0.234516 0.478938 0.286546
986 0.225382 0.0589563 0.715662
755 0.286641 0.520779 0.192581
1663 0.482778 0.23751 0.279712
1060 0.638774 0.0291009 0.332125
3764 0.442834 0.0485358 0.50863
2331 0.268651 0.715839 0.01551
3909 0.505915 0.0473896 0.446696
2615 0.301445 0.069871 0.628684
443 0.193489 0.214094 0.592417
3194 0.527529 0.424797 0.0476736
1622 0.882575 0.0291789 0.0882459
1287 0.16833 0.490129 0.341541
1786 0.79346 0.0887486 0.117791
2300 0.5 0.5 0
3114 0.0112666 0.302977 0.685756
1798 0.750601 0.176217 0.0731821
4173 0.125407 0.757776 0.116817
2676 0.229264 0.753408 0.0173287
1621 0.344959 0.0811703 0.57387
2822 0.315996 0.197327 0.486677
1156 0.466618 0.194634 0.338748
1156 0.382048 0.129695 0.488258
1609 0.203627 0.519703 0.27667
2287 0.00612821 0.278635 0.715237
997 0.00186051 0.444808 0.553331
1145 0.104568 0.569022 0.32641
3414 0.329928 0.108366 0.561705
3413 0.394379 0.405838 0.199783
3414 0.302782 0.388287 0.308931
648 0.675539 0.0231849 0.301277
1015 0.5 0 0.5
766 0.803224 0.013202 0.183574
2219 0.436181 0.401786 0.162033
966 0.107069 0.545844 0.347087
891 0.728565 0.146986 0.12445
4082 0.201488 0.14163 0.656882
4361 0 0.5 0.5
1468 0.179364 0.6325 0.188136
2892 0.395216 0.147255 0.457529
116 0.404092 0.470415 0.125494
3415 0.158107 0.260577 0.581316
2913 0.0085054 0.480683 0.510812
949 0.480789 0.396282 0.122929
4410 0.140734 0.487588 0.371679
4207 0.416771 0.167202 0.416026
460 0.11115 0.221048 0.667802
1074 0.161909 0.618239 0.219852
1819 0.174196 0.772151 0.0536536
584 0.0331116 0.312482 0.654406
3485 0.170792 0.55584 0.273367
1269 0.616662 0.217083 0.166255
3307 0.352803 0.398575 0.248622
586 0.1548 0.0902301 0.75497
49 0.535626 0.353476 0.110898
436 0.544519 0.244492 0.210988
2430 0.601171 0.277368 0.121461
604 0.413195 0.262174 0.324631
2046 0.55761 0.386213 0.0561774
2278 0.544287 0.267342 0.188371
1105 0.0666287 0.258002 0.675369
4097 0.109751 0.482318 0.40793
1105 0.598837 0.110527 0.290636
2391 0.032583 0.576719 0.390698
4255 0.0259353 0.640604 0.333461
1400 0.0715413 0.299651 0.628807
1346 0.272178 0.0734736 0.654348
1723 0.135204 0.507288 0.357509
1549 0.431902 0.274084 0.294014
826 0.524547 0.452669 0.0227839
1952 0.475767 0.107075 0.417157
749 0.335929 0.149683 0.514388
1183 0.21235 0.497266 0.290383
577 0.433507 0.438281 0.128212
4455 0.656817 0.0757453 0.267438
4455 0.273296 0.0966163 0.630088
1086 0.416437 0.29479 0.288773
267 0.649105 0.123046 0.227849
176 0.42928 0.548745 0.0219748
3860 0.634269 0.21095 0.154781
29 0.113711 0.514049 0.37224
3860 0.197065 0.524652 0.278283
1572 0.243765 0.245673 0.510562
2994 0.5 0.5 0
973 0.408878 0.271329 0.319793
666 0.405468 0.0523682 0.542164
603 0.5 0.5 0
959 0.148264 0.323987 0.527749
2084 0.127804 0.117868 0.754328
3324 0.166654 0.215611 0.617735
1868 0.479157 0.299531 0.221312
1076 0.0454592 0.322586 0.631955
588 0.422322 0.134404 0.443274
587 0.495949 0.177284 0.326768
3220 0.0171536 0.639482 0.343365
1607 0.298942 0.429923 0.271135
1496 0.373238 0.0571755 0.569586
3280 0.5 0.5 0
3952 0.782319 0.131968 0.0857125
3340 0.682063 0.300933 0.0170036
3112 0.509441 0.310223 0.180336
2394 0.57446 0.416922 0.00861796
760 0.276182 0.250686 0.473132
4329 0.5 0 0.5
923 0.252354 0.631486 0.11616
547 0.640631 0.353128 0.00624139
1078 0.404006 0.296207 0.299787
133 0.0565546 0.524107 0.419339
18 0.0606972 0.766317 0.172986
2021 0.23977 0.250258 0.509972
3797 0.530349 0.108888 0.360763
1080 0.628286 0.336052 0.0356623
2218 0.356424 0.375891 0.267685
141 0.35193 0.211535 0.436535
1982 0.617315 0.19658 0.186104
2195 0.081218 0.577398 0.341384
3046 0.198959 0.139441 0.6616
285 0.860653 0.109322 0.0300252
659 0.261929 0.40779 0.330281
246 0.247618 0.216699 0.535684
3274 1 0 0
733 0.1784 0.263231 0.55837
284 0.471012 0.296038 0.23295
2165 0.559746 0.249269 0.190985
4058 0.2162 0.471895 0.311905
1787 0.0244835 0.133405 0.842111
3239 0.5 0.5 0
1504 0.336555 0.653637 0.00980839
1503 0.391448 0.444353 0.164199
2479 0.229762 0.465069 0.305169
2924 0.982834 0.0116764 0.00548951
682 0.230274 0.59941 0.170316
3294 0.453784 0.343014 0.203203
3294 0.731109 0.255068 0.0138231
3492 0.214726 0.752703 0.0325704
969 0.543149 0.0139646 0.442887
2970 0.145082 0.714733 0.140184
1876 0.200536 0.362731 0.436733
452 0.395707 0.331806 0.272487
3474 0.5 0.5 0
3473 0.5 0.5 0
3139 0.273731 0.634022 0.0922466
2028 0.366899 0.392497 0.240604
7 0.217337 0.254087 0.528576
3607 0.193059 0.470802 0.336139
1304 0.403431 0.525915 0.070654
3996 0.409493 0.134292 0.456215
4084 0.233624 0.544706 0.22167
2509 0.0147849 0.69172 0.293495
3818 0.526121 0.058059 0.41582
2811 0.133205 0.610308 0.256487
700 0.249417 0.0877641 0.662819
4233 0.0763301 0.449311 0.474359
2475 0.353087 0.294991 0.351922
540 0.117801 0.438172 0.444026
57 0.390232 0.596815 0.0129534
955 0.504244 0.0245106 0.471246
937 0.608457 0.364604 0.0269396
12 0.556466 0.0937637 0.34977
4202 0.189339 0.477451 0.333209
1776 0.624023 0.0906422 0.285335
766 0.161817 0.397381 0.440802
1392 0.783994 0.135966 0.08004
451 0.0304686 0.914414 0.055117
4471 0.0129513 0.707419 0.279629
2994 0.5 0.5 0
3606 0.0597694 0.333715 0.606516
105 0.943987 0.0281246 0.0278888
3775 0.610533 0.319864 0.069603
1716 0.0442552 0.796697 0.159048
2865 0.245513 0.491737 0.26275
1436 0.122777 0.379987 0.497236
77 0.546569 0.317958 0.135474
1671 0.0156074 0.703652 0.280741
753 0.212488 0.483871 0.303641
15 0.100155 0.231878 0.667968
3843 0.283812 0.0574904 0.658697
2462 0.5 0.5 0
3728 0.0958712 0.76307 0.141059
3665 0.628586 0.0594667 0.311947
4352 0.845133 0.0318402 0.123027
559 0.244819 0.158181 0.597
4351 0.304751 0.183923 0.511326
3289 0.481476 0.0877462 0.430778
37 0.545858 0.32924 0.124902
631 0.531521 0.395998 0.072481
2097 0.33415 0.00229053 0.66356
1723 0.791743 0.0371085 0.171149
1355 0.0391495 0.402554 0.558297
391 0.551938 0.30906 0.139002
1403 0.137432 0.790949 0.0716189
3619 0.223666 0.31337 0.462964
850 0.78248 0.037936 0.179584
3728 0.0618655 0.248344 0.689791
4306 0.126404 0.23884 0.634756
3223 0 1 0
3223 0 1 0
2643 0.0780744 0.855799 0.0661267
1406 0.600425 0.0925579 0.307017
2974 0.444833 0.467098 0.0880692
4386 0.638197 0.28469 0.0771128
3394 0.307719 0.337064 0.355217
2700 0.614685 0.0623049 0.32301
1844 0.223303 0.512275 0.264421
4360 0.695376 0.163182 0.141442
813 0.146387 0.800661 0.0529518
2003 0 0.5 0.5
1048 0.552378 0.300978 0.146645
3058 0.677901 0.238105 0.0839937
1118 0.0250979 0.373704 0.601198
1193 0.529901 0.404044 0.0660545
3218 0.174889 0.0471325 0.777979
2546 0.447649 0.0669983 0.485353
1671 0.569161 0.258786 0.172052
2404 0.282107 0.563275 0.154618
2002 0.735178 0.120072 0.14475
3390 0.0906278 0.260056 0.649316
1309 0 0.5 0.5
2172 0.118868 0.854536 0.0265955
2115 0.370258 0.560529 0.0692128
1212 0.092494 0.302377 0.605129
1971 0.301011 0.358442 0.340547
1662 0.0338254 0.755531 0.210643
470 0.499696 0.487326 0.0129782
4522 0.290057 0.186097 0.523846
1284 0.496936 0.0277944 0.475269
4257 0.55138 0.187332 0.261288
1590 0.171963 0.723127 0.10491
2912 0.5 0.5 0
1992 0.0350515 0.932073 0.0328756
2662 0.428072 0.192198 0.37973
3207 0.0359347 0.764829 0.199236
1717 0.21105 0.00501783 0.783932
1718 0.221806 0.201099 0.577095
2015 0.0865929 0.798545 0.114862
386 0.0925292 0.350191 0.55728
3645 0.746257 0.0648455 0.188897
852 0.335345 0.194721 0.469934
2718 0.844228 0.0837284 0.072044
760 0.176695 0.630258 0.193047
1511 0.0610506 0.532579 0.40637
725 0.0342492 0.46926 0.49649
1761 0.540646 0.298097 0.161256
156 0.166209 0.539961 0.29383
256 0.392183 0.315311 0.292506
3362 0.528432 0.445971 0.0255975
3489 0.37014 0.114296 0.515564
1297 0.0414289 0.392 0.566571
2531 0.649125 0.225432 0.125443
3243 0.362847 0.108277 0.528876
2079 1 0 0
3469 0.406773 0.0343676 0.558859
2666 0 0 1
3672 1 0 0
4125 0.420259 0.302452 0.277289
2112 0.0875804 0.473978 0.438442
584 0.599289 0.386439 0.014272
1515 0.694009 0.210819 0.0951721
2015 0.159051 0.340744 0.500205
2015 0.0978984 0.187412 0.714689
3924 0.314334 0.364918 0.320748
2996 0.464819 0.150481 0.3847
1385 0 0.5 0.5
1129 0.364221 0.413743 0.222036
2923 0.378128 0.504843 0.117029
3823 0.290875 0.418231 0.290894
3376 0.5 0.5 0
1493 0.0471153 0.108991 0.843894
3069 0.509629 0.330473 0.159898
2283 0.0173701 0.405828 0.576802
621 0.125609 0.769078 0.105314
1256 0.430893 0.256114 0.312993
1715 0.161626 0.795241 0.0431332
722 0.225416 0.61565 0.158934
544 0.404318 0.0531426 0.542539
1076 0.299109 0.512521 0.18837
1797 0.0249849 0.876868 0.0981471
3796 0.150278 0.292043 0.55768
3381 0.157774 0.569287 0.272939
4086 0.0789101 0.230875 0.690215
3113 0.377095 0.288781 0.334123
1103 0.326733 0.444761 0.228506
1049 0.284336 0.364673 0.350991
3181 0.315223 0.399969 0.284808
4171 0.399105 0.242983 0.357913
3712 0.5 0 0.5
3974 0.0937374 0.830686 0.0755771
460 0.319878 0.499164 0.180958
1785 0.104809 0.304874 0.590317
18 0.236497 0.0373099 0.726193
788 0.699692 0.282689 0.0176191
3628 0.78211 0.0321998 0.18569
179 0.0341069 0.140298 0.825595
3941 0.117906 0.153491 0.728604
2187 0.165745 0.771587 0.0626682
1741 0.212948 0.104208 0.682844
1167 0.262516 0.542237 0.195247
808 0.956572 0.0308236 0.0126046
15 0.849088 0.0848065 0.0661058
3651 0.0962836 0.251737 0.65198
1239 0.153506 0.461948 0.384546
4357 0.404533 0.292388 0.303079
2196 0.628632 0.124089 0.247279
3834 0.361081 0.477365 0.161554
3227 0.766424 0.225797 0.00777834
674 0.160933 0.683089 0.155978
1157 0.733117 0.038983 0.2279
1238 0.0311821 0.90145 0.067368
229 0.19269 0.676759 0.130551
2671 0.530378 0.461864 0.00775788
2795 0.642361 0.166465 0.191174
2912 1 0 0
2315 0.405354 0.422571 0.172075
1031 0.381824 0.351535 0.266641
3881 0.71813 0.225169 0.056701
1349 0.193371 0.0595963 0.747033
4306 0 0.5 0.5
488 0.162514 0.0872945 0.750192
265 0.100782 0.104432 0.794786
2958 0.5 0 0.5
3970 0.639475 0.233271 0.127253
3670 0.270302 0.186865 0.542834
15 0.145492 0.609172 0.245336
3631 0.5 0 0.5
1075 0.0177371 0.547868 0.434395
1207 0.793661 0.0932025 0.113136
554 0.536956 0.105569 0.357475
2558 0.108777 0.451995 0.439227
3253 0.643277 0.29315 0.0635734
3253 0.0536113 0.413306 0.533083
2615 0.306122 0.646245 0.0476337
708 0.184302 0.697486 0.118212
2839 0.00679766 0.0391354 0.954067
158 0.275029 0.0199402 0.705031
3786 0 0 1
15 0.407433 0.0271591 0.565408
441 0.0255092 0.87007 0.104421
193 0.458488 0.0479062 0.493606
1191 0.5 0.5 0
1715 0 0.5 0.5
3448 0.0206911 0.620733 0.358576
4146 0.41387 0.378614 0.207516
694 0.330492 0.548265 0.121242
973 0.43033 0.00206434 0.567605
1691 0.0445909 0.318799 0.63661
1787 0.5 0.5 0
2546 0.249075 0.684002 0.066923
645 0.55912 0.364397 0.0764829
2463 0.511351 0.32675 0.1619
2161 0.102822 0.495627 0.401551
2926 0.232412 0.454025 0.313564
2974 0.668272 0.177289 0.154439
1440 0.528291 0.0927681 0.378941
3847 0.0461349 0.221743 0.732123
2441 0.370102 0.148773 0.481125
2117 0.0859733 0.33488 0.579146
883 0.712654 0.0929599 0.194386
450 0.189468 0.554688 0.255844
4125 0.676875 0.0083084 0.314816
4084 0.465789 0.409632 0.124579
240 0.128815 0.460999 0.410187
2221 0.255488 0.67875 0.0657629
2561 0.0468295 0.538954 0.414217
4306 0.5 0.5 0
1075 0.717755 0.09752 0.184725
2002 0.145468 0.076528 0.778005
1986 0.227278 0.700587 0.0721354
4459 0.143426 0.629117 0.227457
97 0.210705 0.12095 0.668345
4272 0.45777 0.488926 0.053304
3821 0.693894 0.0428092 0.263297
4303 0.799452 0.00930629 0.191242
3323 0.632144 0.0840985 0.283758
2726 0.177252 0.559667 0.263081
1011 0.5 0 0.5
3271 0.184932 0.104965 0.710103
4250 0.330053 0.422742 0.247205
4280 0.00158239 0.0136676 0.98475
2726 0.685493 0.00924209 0.305264
2718 0.304216 0.694656 0.00112764
2507 0.0490639 0.315095 0.635841
3824 0.334757 0.371763 0.29348
2146 0.245658 0.471575 0.282767