0.00752 -0.091389 0.901645
-0.084721 -0.256076 0.630071
-0.215711 -0.085487 0.584535
-2.082203 -0.48905 5.464459
-2.217933 -0.450023 5.428517
-2.220867 -0.569848 5.426254
0.14581 -0.270606 4.931806
0.275641 -0.177772 4.653879
0.184155 -0.058634 4.904962
-2.258384 -2.773168 0.983535
-2.522166 -2.973407 1.221873
-2.64627 -2.76522 0.964203
-4.535023 -1.08609 2.07385
-4.62506 -1.23373 2.318013
-4.650758 -0.973983 2.453327
-1.513119 1.414617 1.186008
-1.383404 1.388772 1.163852
-1.492079 1.332031 0.997543
-0.286529 -1.85503 0.84563
-0.313572 -1.75189 0.706819
-0.174059 -1.726234 0.935166
0.501514 -1.975199 4.044097
0.616505 -1.690447 3.998438
0.548493 -1.764346 4.22966
-2.541201 -0.70223 5.41225
-2.391021 -0.699028 5.454217
-2.456241 -0.590144 5.357051
-1.626903 -1.676465 5.247457
-1.748917 -1.794441 5.158293
-1.644355 -1.682811 5.185827
-2.232203 1.805445 2.943292
-1.949582 1.796744 3.081299
-1.964326 1.798685 2.839091
0.219574 0.798799 2.749095
0.231531 0.766135 3.070226
0.305854 0.592422 2.904097
-2.170317 -3.62626 2.638228
-2.091568 -3.667465 2.848899
-2.535586 -3.701616 2.809085
-2.907971 -1.025561 5.1749
-3.005077 -1.170799 5.151521
-2.922727 -1.149249 5.205981
-0.785535 -1.065262 0.170057
-0.412987 -1.211701 0.319947
-0.601827 -1.505314 0.271924
-3.382118 -2.178777 0.650419
-3.121789 -2.326942 0.617723
-3.355038 -2.426423 0.859648
-1.192181 -3.540881 2.920656
-1.380183 -3.548667 2.795112
-1.116503 -3.407308 2.655493
0.047391 -2.151289 2.253071
0.106049 -2.110566 2.365041
0.03582 -2.287178 2.565091
-4.171288 0.35191 1.889061
-4.113236 0.271876 1.63124
-4.215884 0.092069 1.750368
-2.696531 1.781413 3.191136
-2.504549 1.795874 3.299853
-2.472824 1.803762 3.096983
-2.857046 -0.762201 -0.229691
-2.717034 -1.011779 -0.280324
-2.99233 -0.972725 -0.186679
-3.448051 0.736309 0.795498
-3.332274 0.927594 0.893732
-3.227706 0.793365 0.618365
-2.22129 -1.990759 5.574014
-2.343065 -1.983942 5.661774
-2.344557 -2.015427 5.451424
-2.726446 -1.948538 5.269559
-2.77761 -1.806497 5.351424
-2.822875 -1.919604 5.225351
0.420167 -0.126746 2.120013
0.488263 -0.331937 2.132081
0.473179 -0.362128 1.98562
0.57837 -1.819734 3.531881
0.435444 -2.032104 3.464942
0.554412 -1.790753 3.191705
-3.729362 -3.362481 4.435225
-4.213831 -3.117044 4.160904
-4.007919 -3.381709 4.04858
-4.674157 -1.776218 2.555354
-4.702697 -2.026326 2.793746
-4.756222 -1.678983 2.984012
-0.850475 1.619772 3.418818
-0.993937 1.643601 3.553138
-0.874889 1.544968 3.965327
-0.986034 1.20579 5.157788
-0.867203 0.971042 5.379087
-0.662979 1.117311 4.938324
-1.98809 -1.169772 5.676509
-1.842592 -1.048908 5.649197
-2.009151 -1.060555 5.673002
-1.349419 -0.973009 5.442604
-1.417828 -0.905159 5.500138
-1.510669 -1.073809 5.388723
-1.012069 -2.18453 0.606007
-1.168187 -2.228008 0.604546
-1.176304 -2.088745 0.45965
-0.810018 -3.213756 2.539047
-0.635791 -3.150061 2.615118
-0.779191 -3.266477 2.692939
-4.154421 0.300148 4.350657
-4.153216 0.401029 4.166286
-4.50549 0.217382 4.111015
-2.983819 1.670896 2.782266
-2.946576 1.699706 2.951265
-2.800798 1.751058 2.858396
-3.156904 1.504459 2.308
-3.022581 1.571507 2.211545
-3.170213 1.455164 2.102876
-2.786393 1.605283 1.77733
-2.571611 1.642635 1.605364
-2.825381 1.519033 1.532446
0.607432 -1.060257 2.317418
0.590165 -0.855641 2.195898
0.61119 -0.935181 2.319488
0.257636 -1.330687 1.425716
0.346267 -1.180473 1.519306
0.385099 -1.180719 1.62238
0.701759 -1.111175 3.245596
0.693792 -1.155795 3.062952
0.69059 -0.969578 3.027396
0.607171 -0.487428 3.366886
0.523342 -0.163099 3.46637
0.571276 -0.430964 3.591764
-2.216007 -2.029849 5.383826
-2.040012 -1.97551 5.349994
-2.009948 -1.878201 5.544966
-1.47913 -3.503973 4.280432
-1.272046 -3.355617 4.439766
-1.640206 -3.234491 4.523451
-1.480548 1.66844 2.177877
-1.184227 1.649149 2.071345
-1.315449 1.60133 1.849215
0.211163 0.786644 2.524179
0.137553 0.920848 2.2425
0.11235 0.967132 2.431653
-2.867251 1.099099 0.714978
-2.899859 1.171955 0.852234
-2.667142 1.159402 0.684139
-0.635094 -0.460994 0.299457
-0.390169 -0.647995 0.320828
-0.608483 -0.701229 0.265215
-3.928382 -2.264917 1.327017
-3.822774 -2.206453 1.133774
-3.69159 -2.529126 1.261975
-3.696528 -3.527267 2.969441
-3.366458 -3.636708 2.814359
-3.451092 -3.691746 3.086995
-1.435748 -2.080994 0.400269
-1.394669 -2.197769 0.511856
-1.629444 -2.174161 0.4628
-1.233805 -1.529471 0.088021
-1.51347 -1.299063 0.005699
-1.441115 -1.226877 0.023053
-1.783135 -1.282919 5.585968
-1.896448 -1.318108 5.633837
-1.846439 -1.430385 5.592063
-1.750076 -1.663003 5.456732
-1.797071 -1.589189 5.530955
-1.837598 -1.751896 5.432947
-0.234564 -2.838387 3.082534
-0.341998 -3.013052 2.985547
-0.331639 -2.956986 2.845266
-0.391816 -2.44043 4.472981
-0.504615 -2.298533 4.707664
-0.633301 -2.387871 4.63473
-2.99355 -1.243222 5.232108
-3.073274 -1.207247 5.122255
-3.069242 -1.317486 5.165106
-4.769876 -1.233953 2.94343
-4.811928 -1.309775 3.325755
-0.109729 1.259392 2.121611
-0.083387 1.246137 2.26361
0.033311 1.075026 2.222149
-0.69994 1.468239 1.141178
-0.4529 1.365472 1.185862
-0.853455 1.428477 0.951482
-2.426132 -1.884607 6.171072
-2.165883 -1.913709 6.128152
-2.37401 -1.822747 6.35733
-2.159923 -1.320945 6.282484
-2.088855 -1.290918 6.381534
-2.026731 -1.342382 6.367635
-4.618239 0.104296 3.201033
-4.724027 -0.034743 3.486438
-4.587262 0.243565 3.497016
-3.879598 0.781165 1.984211
-3.958149 0.735746 2.164923
-3.733413 0.943333 2.15204
-2.892478 -2.115633 5.023621
-2.760853 -2.170873 5.032672
-2.727659 -2.075337 5.093833
-2.318389 -2.202929 4.957345
-2.439685 -2.255537 4.951687
-2.25849 -2.427668 4.873484
-0.733329 -2.727198 1.60749
-0.568209 -2.729645 1.805161
-0.61175 -2.91763 2.125268
-0.038316 -2.172991 1.979022
0.137054 -1.935712 2.042716
-3.308917 -1.648916 0.228094
-3.401869 -1.919219 0.478472
-3.541452 -1.732568 0.497449
-3.847508 -0.022333 0.935243
-3.994105 -0.259479 1.111376
-3.943637 0.095633 1.133499
-1.795935 -1.500362 0.013991
-1.885256 -1.594824 0.020444
-1.908225 -1.468793 -0.073964
-2.827648 -1.318886 -0.23616
-3.034521 -1.294281 -0.130156
-2.81919 -1.144012 -0.294544
-1.329558 -1.679312 5.138813
-1.512978 -1.644519 5.173584
-1.494772 -1.726258 5.112166
-1.275007 -1.0377 5.398079
-1.340855 -1.157183 5.336586
-0.813353 -1.016935 5.360309
-0.295754 -2.976408 3.362566
-0.304407 -2.962965 3.56174
-0.34394 -3.069098 3.295449
-1.310557 -3.661688 3.939808
-0.979886 -3.608055 3.890269
-1.050529 -3.486455 4.250648
-2.920661 -1.544382 5.362642
-2.975935 -1.593295 5.251184
-2.912751 -1.626898 5.3189
-2.785509 -1.366869 5.606434
-2.691536 -1.32188 5.809239
-2.623884 -1.12461 5.606187
-1.968148 1.195837 5.015814
-2.042936 1.364964 4.807905
-2.349377 1.161058 5.064007
-0.986781 1.665723 3.335594
-1.09335 1.679974 3.416354
-2.371587 1.722177 1.791883
-2.653053 1.693666 1.91797
-2.281252 1.790206 2.376378
-2.152125 1.775955 2.204499
-2.454477 1.783056 2.266391
-0.322325 1.455369 2.353359
-0.393646 1.496313 2.164731
-0.463782 1.537763 2.366337
-0.603351 1.537171 3.303707
-0.382894 1.332088 3.774238
-0.397114 1.412547 3.401018
-1.955981 -0.947049 5.638629
-1.952109 -0.559934 5.509382
-2.023509 -0.671914 5.478524
-1.94609 -0.675985 5.526882
-2.828306 1.511928 4.525248
-2.544188 1.590713 4.396628
-2.838176 1.653092 4.105837
-3.701544 1.047908 4.072361
-3.548807 1.27678 4.134401
-3.736922 1.035108 3.81972
0.4297 -1.98868 3.240484
0.407903 -1.956195 3.042881
-0.242315 -2.735076 3.714822
-0.227005 -2.821219 3.404139
-1.118769 -3.074879 1.931761
-1.120597 -2.785872 1.394307
-0.939 -2.918586 1.782475
-2.58317 -3.3364 1.812469
-2.032407 -3.037404 1.398753
-1.907834 -3.279247 1.863007
-0.079832 0.976852 4.120619
0.102911 0.782683 3.99334
-0.001507 0.967826 3.848546
0.413149 -0.134956 4.178008
0.393303 0.090904 4.099847
0.380617 0.027794 4.231202
0.472582 0.048276 3.408576
0.51984 -0.1326 3.164605
0.480045 0.012063 3.048554
0.380887 0.063763 2.257085
0.435001 0.003067 2.464134
0.433915 -0.114556 2.211919
-3.994425 -1.646513 4.705053
-3.718171 -1.692129 4.799316
-3.847094 -1.439137 4.811634
-3.373366 -2.579336 4.861297
-3.165991 -2.197236 4.942653
-3.442146 -2.453401 4.853347
-2.251406 0.648272 0.249374
-2.304694 0.912259 0.365222
-2.117387 0.821536 0.317742
-2.428654 -0.526286 -0.148771
-2.672637 -0.497898 -0.177341
-2.439188 -0.319668 -0.102898
-2.08548 -2.184068 5.057207
-2.075103 -2.115937 5.185274
-2.185012 -2.158452 5.148661
-1.753283 -2.347562 4.906923
-1.500818 -2.498979 4.857917
-1.618165 -2.322916 4.915876
-0.731868 -2.378613 1.016104
-0.697334 -2.317121 0.954421
-0.567759 -2.313236 1.07416
0.056218 -1.695762 1.376573
0.217001 -1.558395 1.57231
0.094788 -1.767481 1.596813
0.493221 -1.676437 2.609141
0.370002 -1.889737 2.709874
0.422674 -1.759806 2.552073
0.57271 -1.030011 2.147452
0.557778 -1.212993 2.216462
0.530405 -1.178548 2.081947
0.50792 -1.029114 4.366514
0.543297 -0.860325 4.195337
0.406266 -0.874496 4.51357
-0.851751 -1.639078 5.13002
-0.572752 -1.711113 5.09491
-0.855749 -1.404953 5.213656
-3.699319 1.010906 2.380752
-3.861152 0.874233 2.498841
-3.791548 0.946083 2.629012
-3.367825 1.426726 2.983583
-3.387332 1.387476 2.796218
-3.60317 1.176995 2.926704
-0.11086 0.676608 4.855763
0.050947 0.577691 4.707462
-0.098289 0.800842 4.601185
0.134613 0.59174 4.408795
-1.852786 -1.369284 6.73013
-1.850287 -1.324997 6.567236
-1.951209 -1.202293 6.697393
-2.407132 -1.233727 6.520649
-2.581635 -1.388614 6.346234
-2.394015 -1.301221 6.641044
-4.112766 0.197363 4.493477
-4.4573 0.010058 4.539196
-4.467059 -1.6221 4.391733
-4.637446 -1.77239 3.990527
-4.453893 -2.044411 4.242342
-2.49074 -3.738778 3.314046
-2.865711 -3.78933 3.262018
-2.837817 -3.75083 2.963467
-2.036745 -3.095155 4.575703
-2.353321 -3.221491 4.452679
-2.168685 -3.426471 4.266728
-3.157824 -0.123198 0.247042
-3.319515 -0.509301 0.320011
-3.436946 -0.212245 0.438363
-4.0083 -0.491513 1.084047
-3.874978 -0.616336 0.879057
-4.005919 -0.664105 1.052989
-4.395686 -1.239053 1.703539
-4.27043 -1.340538 1.446613
-4.407801 -1.479208 1.735628
-4.017291 -1.189736 1.012063
-4.12579 -1.007252 1.202289
-3.959173 -0.888167 0.955333
-4.657195 -2.358016 2.866586
-4.653557 -2.012457 2.592939
-3.917437 -2.771566 1.805346
-3.660928 -2.963928 1.777861
-3.951355 -2.959553 2.111429
-1.147738 1.679229 2.294924
-1.311624 1.705978 2.560996
-1.100054 1.700354 2.561173
-1.165326 1.720457 2.774514
-1.439815 1.729741 2.794774
-1.259635 1.733043 2.932997
-2.515475 -1.275264 6.2671
-2.739411 -1.403393 5.791244
-2.69363 -1.382374 5.963479
-3.019699 1.249931 4.884451
-3.148166 1.518785 4.258279
-3.354185 1.21755 4.701582
-2.730979 -0.419997 5.241345
-2.553011 -0.655167 5.315569
-2.594787 -0.452242 5.295124
0.453199 -1.026415 1.706784
0.495694 -0.920367 1.793099
0.463846 -1.109752 1.787489
-2.264105 -3.46796 2.156435
-2.594211 -3.50784 2.162992
-3.6013 -3.191261 2.097247
-3.387277 -3.477241 2.456565
-3.693201 -3.287483 2.373387
-2.225224 -1.852732 6.339093
-2.108023 -1.839818 6.320899
-2.211769 -1.732462 6.552891
-2.137277 -1.484312 5.964863
-2.108103 -1.468442 5.814448
-2.156885 -1.369088 5.772436
0.599799 -0.507848 2.720746
0.565276 -0.347412 2.776137
0.610125 -0.504841 2.876537
0.672663 -0.956424 2.77689
0.662514 -0.804761 2.83027
0.25936 -2.136873 3.047811
0.278969 -2.158896 3.259182
0.198967 -2.219978 3.141288
-0.108718 -2.57694 2.949801
0.026374 -2.340297 2.735983
-0.005564 -2.453164 3.029626
0.622768 -1.100543 4.063845
0.670998 -1.039639 3.759602
0.597561 -0.511752 3.578917
0.605569 -0.510101 3.480785
-3.703457 0.940032 1.946167
-3.773748 0.851854 1.788406
-3.756929 0.638228 1.198778
-3.615005 0.764596 1.093988
-3.700919 0.486694 0.941509
-0.954477 -2.089422 0.533594
-1.152263 -1.968513 0.358696
-0.955031 -1.967872 0.418204
-1.360617 -1.60191 0.105992
-1.599177 -1.438499 0.032934
-1.521316 -1.418188 0.029604
-0.305911 1.409593 1.851695
-0.174841 1.278239 1.781951
-0.320024 1.404127 1.734775
-1.211839 1.567174 1.668286
-1.064993 1.618846 1.831018
-1.031166 1.586501 1.644994
-2.173753 1.036657 0.450638
-2.169808 1.149897 0.549301
-2.050607 1.130637 0.529848
-1.879432 1.330481 0.766322
-2.012151 1.381063 0.830271
-1.836946 1.433246 0.97666
-3.971398 -2.029044 1.203885
-3.519505 -1.437392 0.359411
-3.635143 -1.576586 0.539501
-3.759287 -1.45292 0.661952
-0.810578 -2.316372 4.736354
-0.592616 -2.160842 4.848619
-0.850311 -2.08917 4.917375
-1.695609 -2.103961 4.982504
-1.499814 -2.295883 4.920577
-1.51459 -2.066216 4.984411
-4.65626 -0.666484 2.579423
-4.757818 -0.528854 3.039749
-4.67 -0.308233 2.858576
-4.294218 -0.044664 1.862253
-4.409518 -0.169027 2.108635
-4.283832 0.21935 2.085684
-1.975749 -0.122644 5.534754
-2.037705 -0.022619 5.509767
-2.146412 -0.303233 5.454493
-1.112033 0.796673 5.66179
-1.317945 0.972422 5.523766
-1.480891 0.628398 5.716033
-3.105334 -0.073762 0.220922
-3.344179 -0.005385 0.38506
-3.226565 0.157321 0.315313
-2.635952 -0.1586 0.001137
-2.552866 -0.03077 0.017351
-2.459978 -0.135259 -0.027237
0.532003 -1.626689 2.717194
0.538145 -1.683332 2.889777
0.470443 -1.801243 2.819761
0.634901 -0.94013 2.463555
0.627077 -1.137329 2.48716
-1.749918 -1.727116 5.360377
-0.988471 -2.24935 0.690268
-1.105699 -2.297528 0.702709
-1.332131 -2.969245 1.575068
0.224252 -2.261369 3.590056
0.083279 -2.380963 3.47246
0.258108 -2.191032 3.33516
0.168402 -2.300051 4.219178
-0.073243 -2.398803 4.334505
0.005487 -2.411635 4.04412
-1.704563 -0.900943 5.528217
-1.747292 -0.955639 5.543647
-1.71453 -0.986617 5.49814
-1.353365 0.410192 5.844082
-1.681716 0.333453 5.708469
-1.595811 -0.094037 5.754848
-3.524897 -3.724831 3.521246
-3.962173 -3.410435 3.146975
-2.577471 -2.228134 4.985069
-2.723056 -2.304499 4.984996
-2.620554 -2.469018 4.901008
-2.765275 -1.007793 5.294527
-2.798419 -1.275822 5.518619
-2.637876 -1.053167 5.54228
-2.730834 -1.126827 5.473195
-0.433575 -1.84 0.632628
-0.414021 -1.957961 0.781153
-0.501613 -2.087187 0.829097
-0.435089 -2.129129 0.968926
-0.517736 -2.168916 0.913496
0.304966 0.422944 2.382266
0.341643 0.25674 2.332664
0.272425 0.487116 2.283255
0.022325 0.383181 1.356394
0.056104 0.195794 1.30126
-0.174991 0.237661 0.900408
-2.564122 1.747981 3.752673
-2.576116 1.780096 3.442808
-2.786183 1.743904 3.559857
-2.192101 1.716408 3.957596
-1.774135 1.644193 4.143867
-1.884913 1.701345 3.927701
-0.049466 -2.058392 4.802092
0.144745 -2.222964 4.477536
0.359338 -1.959095 4.471234
-0.193947 -1.447588 5.086893
-0.253058 -1.713418 5.035058
0.071789 -1.549488 4.938379
-4.236292 0.573879 3.044044
-4.266836 0.551498 3.372316
-4.105941 0.68709 3.179101
-3.877234 0.774637 3.995576
-0.477591 -3.133086 2.865356
-0.47246 -3.037626 2.64284
-0.278505 -2.661037 2.269274
-0.46453 -2.791801 2.100945
-0.348633 -2.600867 1.940568
-3.671362 -2.754794 4.775312
-4.314694 -2.135137 4.416588
-4.147458 -2.075935 4.571472
0.269898 0.053375 4.663105
0.281534 0.189603 4.538383
0.208394 0.167763 4.815036
-0.458296 0.128065 5.692366
-0.100566 0.153629 5.405855
-0.199082 0.392971 5.336035
0.33151 -1.615893 1.974587
0.175288 -1.741523 1.779068
0.386627 -1.47101 1.908683
0.423004 -1.565333 2.152724
0.347268 -1.635818 2.051929
0.420654 -1.505423 2.052538
-1.924605 -1.959083 0.241063
-1.925199 -1.723146 0.085548
-1.788151 -1.820111 0.191408
-3.320147 -1.477908 0.16589
-3.038877 -1.524786 -0.032221
-0.873419 1.305627 4.843796
-0.701665 1.259397 4.690068
-1.571447 1.48061 4.611806
-1.665145 1.571568 4.349396
-1.861168 1.510788 4.494028
-4.058806 -1.083255 4.807734
-3.639757 -1.089065 4.922148
-3.79994 -0.712824 4.928158
-3.515838 -0.480935 5.011387
-3.369862 -0.342977 5.023855
-3.727366 -0.352668 4.951532
-0.885779 -1.457673 0.130504
-1.125385 -1.522158 0.098853
-1.227277 -1.084968 0.078714
-0.65741 -1.824554 0.434446
-0.667825 -1.925272 0.517807
-0.828526 -1.890977 0.400106
-3.473089 1.163627 2.010834
-3.39531 1.203247 1.865362
-3.492112 1.08607 1.758955
-2.954714 1.404456 1.404993
-2.941924 1.453676 1.520891
-2.822157 1.453725 1.354517
-4.4472 -0.096183 2.278921
-4.534972 -0.242568 2.429135
-4.560733 -0.242716 2.509438
-4.282941 0.506607 2.799714
-4.03617 0.745545 2.917021
-4.090845 0.667442 2.562837
0.360238 0.443843 3.050557
0.41633 0.249994 3.456532
0.426816 0.202759 2.997711
0.314094 0.393232 4.107826
0.333837 0.215679 4.291741
-4.222841 -3.175015 3.099144
-4.083292 -3.235058 2.876203
-2.591734 0.954578 0.43679
-2.881625 0.95303 0.541362
-3.039009 0.22837 0.229338
-2.818376 0.145339 0.127631
-2.923414 0.001635 0.14724
-4.443493 -2.301264 2.231548
-4.186064 -2.594184 2.044886
-4.284242 -2.782284 2.471244
-4.215636 -1.559433 1.381334
-4.365119 -1.715635 1.706744
-2.929417 -1.694659 5.247587
-3.25941 -1.943737 4.944541
-3.383903 -2.262944 4.875459
-3.101771 -1.953611 4.992017
-2.059523 -2.812361 1.063849
-1.361609 -2.521571 0.888782
-1.603926 -2.674599 1.013873
-1.543534 -2.53941 0.85897
-2.322668 1.608607 1.329179
-2.198298 1.664867 1.517011
-1.947943 1.569732 1.259792
-1.203978 1.50474 1.423873
-1.340868 1.484809 1.418601
-1.265431 1.523955 1.542153
-2.180705 -1.402127 6.791321
-2.186476 -1.295341 6.814168
-2.192668 -1.404624 6.786419
-2.574055 -1.586813 6.3816
-2.465112 -1.701874 6.421888
-2.40597 -1.583595 6.564821
-2.106578 -2.246683 4.947086
-2.19464 -2.205159 4.978854
-2.182164 -2.364524 4.898844
-1.404416 -3.073107 4.627415
-1.76424 -2.740531 4.761119
-0.245426 1.260519 3.678151
0.136974 0.931213 2.567832
-1.909736 -1.596443 6.542314
-1.856309 -1.479696 6.642904
-1.963457 -1.603873 6.670686
-1.977395 -1.5673 6.239284
-2.015326 -1.628281 6.095419
-2.033907 -1.597728 6.075422
0.588408 -0.685623 2.254984
0.618546 -0.857108 2.365451
0.638418 -0.641471 2.876775
0.643469 -0.717812 2.717234
-3.60278 -1.154263 0.450709
-3.541581 -1.315058 0.365249
-3.705438 -1.281879 0.571876
-3.322843 -0.667682 0.275588
-3.189487 -0.863842 0.037284
-3.449474 -0.859568 0.339775
-2.144527 -0.484359 -0.075301
-2.12732 -0.27716 -0.033399
-2.042 -0.460734 -0.047648
-1.349881 -0.474474 0.121646
-1.078601 -0.405929 0.199726
-1.149248 -0.87977 0.105362
-2.032737 -0.827775 5.557198
-2.092824 -0.865848 5.583029
-1.988648 -0.879696 5.60624
-2.323666 -1.222121 5.753177
-2.19549 -1.092532 5.680472
-2.327016 -1.04253 5.653295
-2.03875 -2.057352 5.226506
-2.115497 -2.051235 5.297745
-1.860576 -1.895623 5.172672
-1.763918 -1.779347 5.265392
-1.949658 -1.96923 5.216515
-2.386045 -0.821051 -0.184894
-2.246311 -0.680696 -0.128694
-2.026748 -1.381039 -0.185264
-2.256557 -1.476158 -0.244006
-2.484904 -1.363499 -0.293036
-1.672311 -1.689366 5.333378
-1.586165 -1.606381 5.370065
-1.670847 -1.624972 5.425945
-1.108774 -1.623252 5.139432
-1.311585 -1.483238 5.215642
-1.416837 -1.557991 5.226816
-2.866733 1.704526 2.611472
-2.474491 1.795432 2.422845
-2.416361 1.804929 2.53749
-2.743841 1.706796 3.919637
-3.768964 1.021035 3.477648
-3.578642 1.252866 3.740088
-3.490637 1.347931 3.420307
-1.580509 -1.370636 5.450863
-1.547129 -1.322036 5.399239
-1.603485 -1.22536 5.445926
-1.862878 -1.214346 5.638044
-3.347766 1.133224 1.449328
-3.487351 1.04586 1.564989
-3.306266 1.240206 1.701014
-3.275776 1.019976 1.005489
-3.111689 1.149784 1.047182
-3.077052 1.031888 0.785619
-4.620376 -2.339642 3.927442
-4.724813 -1.989059 3.555073
-4.74457 -2.101163 3.22035
-4.687977 -2.480578 3.193578
-4.713552 -2.380692 3.509216
-0.335919 -3.052985 3.166336
-0.280243 -2.947348 3.362441
-1.014975 -3.437731 2.841262
-1.984311 -2.356983 0.567899
-2.045674 -2.609603 0.820846
-2.389881 -2.573536 0.70219
-3.104358 -2.171386 0.450307
-2.804879 -0.025362 5.228632
-3.157199 0.119842 5.121933
-2.886185 -0.256656 5.191084
-3.51946 -0.217605 4.959245
-2.437943 -2.149091 5.010329
-2.50514 -1.996544 5.387128
-2.468929 -2.041956 5.303527
-0.744078 1.633309 2.023028
-0.644313 1.592807 1.842143
-0.857395 1.630097 1.872203
-0.760989 1.652466 2.323609
-0.861024 1.665035 2.209561
-0.213628 -2.288669 1.656722
-0.298481 -2.298754 1.460927
-0.19163 -2.183809 1.52397
-0.316507 -2.119063 1.127736
-0.220888 -2.129537 1.347915
-0.315594 -2.218933 1.290843
-1.905223 -1.643624 5.598647
-2.017518 -1.780053 5.814412
-2.027975 -1.806377 6.014269
-2.065218 -1.869018 5.852675
-1.69065 -0.40513 5.648898
-1.575838 -0.559233 5.688191
-1.448954 -0.218049 5.815531
-0.732685 -0.367098 5.796872
-1.04754 -0.655449 5.686228
-0.629488 -0.481848 5.698399
-3.434813 -1.558995 4.920053
-3.331712 -1.738431 4.937852
-3.212729 -1.447528 5.013383
-3.368059 -1.251447 5.002014
-3.406335 -1.41254 4.953633
-1.0662 1.542137 1.460108
-4.254498 -1.107498 1.413253
-4.208951 -0.917268 1.364497
-4.041041 0.045061 1.305715
-2.990348 -3.761247 3.748638
-2.515197 -3.692585 3.676386
-2.555768 -3.515889 4.120778
-3.009307 -3.636037 4.076814
-3.095095 -3.382634 4.456825
-3.311915 -3.648939 4.093433
-1.710448 1.767527 3.141178
-1.785823 1.779347 2.902051
-1.779223 1.722268 3.760483
-1.666238 1.671537 3.997543
-1.678737 1.722448 3.719012
0.37227 0.154664 2.343848
0.351448 0.415206 2.760412
-2.637632 -2.003377 5.25584
-2.605649 -1.94097 5.384824
-2.706607 -1.87901 5.357686
-2.859193 -1.617688 5.40914
-2.762762 -1.672173 5.618789
-2.833495 -1.541581 5.532856
-2.537702 -0.171226 5.315805
-2.152402 0.197291 5.45518
-2.460767 0.205046 5.349926
-2.34041 -0.247312 5.386011
-3.219292 -3.16901 1.76953
-3.329099 -3.332233 2.126283
-3.478391 -3.158478 1.930977
-2.933546 -2.868005 1.181173
0.651695 -1.269326 2.74775
0.632179 -1.221213 2.58673
0.651419 -1.128211 2.643515
0.681782 -1.453409 3.322951
0.642796 -1.573917 3.187231
0.677887 -1.363039 3.128884
-2.312217 -0.842497 5.564147
-2.372561 -0.9378 5.58999
-2.24708 -0.901584 5.596025
-2.545287 -0.814453 5.496991
-2.535254 -0.936262 5.538459
-2.440815 -0.837434 5.541758
-2.080738 -1.572079 6.752658
-2.138452 -1.593712 6.728576
-2.087219 -1.648235 6.666561
-2.244067 -1.497559 6.732338
-2.17233 -1.454898 6.78857
-2.208724 -1.429248 6.770061
-0.788207 -2.957813 4.504896
-1.124224 -3.113926 4.604931
-0.970442 -3.232557 4.483318
-3.562862 0.225994 0.621434
-3.343844 0.262597 0.426186
-3.765189 0.205884 0.891362
0.686483 -1.29249 3.751298
0.683256 -1.489517 3.441048
0.657484 -1.632839 3.53316
0.656447 -1.582605 3.339117
0.196436 -1.378155 1.336454
0.218211 -1.263865 1.284851
0.292361 -1.187189 1.389971
-0.198777 -1.456813 0.665472
-1.391696 -3.51941 2.69537
-1.521075 -3.521642 2.615281
-1.24949 -3.412047 2.540476
-1.416394 -3.18906 1.939982
-1.492861 -3.322878 2.173498
-1.546985 -3.213906 1.912667
-2.124613 -1.254345 5.715749
-2.250833 -1.272765 5.777209
-2.167428 -1.448554 5.987857
-2.213216 -1.358918 6.122199
-2.08817 -1.44164 6.197706
0.47963 -0.859013 1.713071
0.509127 -0.796898 1.810148
0.556642 -0.683174 2.061918
-3.433956 -2.904536 4.851058
-3.245958 -3.053742 4.763917
-3.176099 -2.852016 4.854679
-2.816814 -2.514304 4.919975
-2.935734 -2.844795 4.816792
-1.277127 1.010503 0.478824
-1.13504 1.18987 0.600391
-0.692063 1.279993 0.701118
-2.086103 1.270719 0.674089
-1.887374 1.222114 0.629371
-1.860968 -1.21101 -0.12091
-1.873714 -1.045287 -0.098123
-1.763661 -1.077284 -0.076672
-1.764371 -1.328361 -0.054365
-1.642285 -1.344693 -0.003565
-4.823455 -1.223427 3.68627
-4.854723 -0.926122 3.498741
-4.678751 0.113513 3.749533
-3.57886 1.167097 2.656343
-3.165887 1.533321 2.530309
-3.056135 1.617177 2.63981
-2.941375 1.659833 2.456628
-3.901583 -1.054474 0.853982
-3.842859 -1.320384 0.760443
-4.20883 -1.774251 1.445961
-4.131489 -1.930405 1.389951
-4.299751 -1.919159 1.688228
-2.468156 -2.217427 0.314011
-2.236016 -2.330148 0.480539
-2.705687 -2.45747 0.594088
-2.136277 -2.002722 0.198805
-1.945872 -2.137738 0.382603
-1.857035 1.677113 1.788834
-1.625714 1.597363 1.698766
-1.713228 1.560362 1.451664
-2.040604 1.784994 2.378578
-1.887892 1.749619 2.23178
-0.085989 1.256553 2.666974
-0.194035 1.345403 2.86908
-0.072796 1.236058 2.821574
-0.271306 1.418245 2.653024
-0.168702 1.336947 2.466252
-0.382073 1.492201 2.536848
-1.778987 0.483193 5.567022
-1.752679 0.722795 5.471204
-1.991044 0.636288 5.394292
-1.898377 1.341628 4.836349
-1.694903 1.369428 4.805626
-1.434361 -3.631398 3.035202
-2.031966 -3.692416 3.018247
-4.069662 -0.031997 4.735184
-4.055028 -0.643235 4.87415
-0.213521 -2.774967 2.93066
-0.267501 -2.834358 2.784578
-0.0837 -2.314293 2.144626
-0.203369 -2.433068 1.995034
-2.217807 0.441545 0.170637
-2.351059 0.262557 0.098327
-2.378784 0.625677 0.244708
-2.468544 0.782158 0.311141
-2.483129 0.485605 0.190664
-2.675471 0.614712 0.25181
-1.768474 -0.799134 5.578193
-1.671154 -0.733324 5.587806
-1.771088 -0.724458 5.587277
-1.92598 -0.864711 5.603571
-1.898657 -0.774759 5.580781
-1.986977 -0.772288 5.524538
-3.233853 0.389151 5.121106
-2.99973 0.380344 5.193498
-3.12579 0.776148 5.167632
-3.82444 -0.12631 4.833927
-3.466276 0.23915 5.007835
-3.733898 0.190809 4.739715
0.659925 -0.779731 3.467151
0.666717 -0.741529 3.223674
0.642248 -0.620777 3.217499
-0.118369 -1.032523 5.107944
0.117035 -1.232665 4.940132
0.381904 -1.100401 4.628463
-0.228236 -0.602055 5.276922
-0.025101 -0.714647 5.059633
0.189534 -0.64993 4.817175
0.235035 0.51573 2.099745
0.288848 0.279887 2.110142
0.227111 0.533297 2.078629
-0.026737 1.112532 1.866281
-0.090778 1.218126 1.960857
0.05522 1.012974 1.960687
0.520345 -0.205456 2.705468
0.563781 -0.383312 2.606514
0.500708 -0.182764 2.537885
0.519053 -0.50919 2.028323
0.521368 -0.450422 2.113228
0.552857 -0.519344 2.217632
-1.993173 -1.28711 6.87344
-2.117522 -1.169022 6.78659
-2.128728 -1.21696 6.423861
-2.303514 -1.284175 6.198733
-2.208345 -1.120566 6.661355
-0.698098 -2.225319 0.831826
-0.602631 -2.14467 0.804896
-0.742604 -2.02266 0.573198
-1.139711 1.449528 4.691101
-1.363397 1.509341 4.57128
-1.393417 1.437315 4.757463
-1.476734 1.655114 4.024975
-1.389812 1.658302 3.983488
-1.181121 -3.673029 3.581235
-0.849123 -3.44007 3.064366
-0.76032 -3.439103 3.214442
-1.026837 -3.575766 3.285388
-3.949821 -2.823466 1.913656
-4.141186 -2.861547 2.292536
-4.123473 -2.160403 1.529154
-0.959403 1.682921 2.349598
-0.967887 1.695939 2.650433
-0.617052 1.59803 2.644802
-0.562848 1.566288 2.844023
0.002628 -2.45162 3.341723
-0.03323 -2.48417 3.455968
-0.111863 -2.603227 3.367041
-0.134862 -2.640455 3.061964
0.012023 -2.442777 3.079202
0.202757 -2.29565 4.039558
0.083546 -2.381738 3.742571
-0.126131 -2.599517 3.592503
-0.501613 1.140658 4.635688
-0.43757 1.213435 4.332462
-0.682121 1.316138 4.484121
-0.055596 0.910679 4.228503
-0.125552 0.91248 4.401989
0.06854 0.751025 4.235833
-1.519096 -1.547814 5.320817
-1.55773 -1.614182 5.231357
-0.769674 -2.709262 4.529427
-0.97434 -2.823723 4.660359
-1.382962 -2.469477 4.868693
-4.55646 -0.725812 2.23504
-4.543187 -0.512155 2.303751
-1.177238 -1.32138 5.260485
-1.299882 -1.229367 5.304069
-1.374712 -1.298796 5.274865
-1.515852 -1.271252 5.29297
-2.937063 -1.30795 5.338142
-2.876664 -1.288722 5.401969
-2.874319 -1.17598 5.325928
-2.880619 -1.478363 5.441268
-3.20474 0.455504 0.388195
-2.772708 0.715506 0.315682
-0.044748 1.179847 3.056716
-0.136379 1.259314 3.190962
-0.027607 1.098842 3.428982
0.087604 0.935943 3.426077
0.053068 1.03793 3.114969
-4.172594 -0.734118 1.332798
-4.278136 -0.742952 1.529081
-4.237964 -0.509867 1.515705
-4.326337 -0.608003 1.671963
-4.422578 -0.498083 1.95982
-4.332142 -0.457069 1.738094
-0.639817 -3.205225 2.741012
-0.560841 -3.197543 2.860874
-0.586856 -3.271357 2.99921
-0.722539 -3.286402 2.821056
-2.633471 -2.786403 4.763987
-2.561186 -2.905206 4.687312
-2.362863 -2.833991 4.707174
-2.469108 -2.640262 4.80301
-2.525024 -2.149365 5.031784
-2.562157 -2.09831 5.128576
-2.628361 -2.133511 5.063297
-2.553946 -2.015304 5.305526
0.358712 0.433717 3.468709
0.374121 0.34527 3.700804
0.137863 0.813371 3.662261
-2.588794 -1.914856 0.036671
-2.226989 -1.8314 0.012127
-2.426556 -2.015558 0.118965
-2.500319 -1.525059 -0.257087
-2.492811 -1.376035 -0.291431
-0.856679 -1.767485 0.297039
-1.488192 -1.371496 0.019568
-2.111367 1.551223 1.157281
-2.277794 1.512736 1.073974
-2.607032 1.383678 0.995956
-2.589792 1.285085 0.827151
-2.751139 1.269711 0.899442
0.479453 -0.145231 3.848676
0.455169 -0.160099 4.014024
0.504665 -0.368776 3.941556
0.444558 -0.501259 4.296818
0.348635 -0.256422 4.444481
0.297494 -0.444227 4.59839
-3.421738 -2.616451 1.110737
-3.147838 -2.539767 0.860569
-3.304842 -2.757642 1.21406
-3.768362 -2.791996 1.647163
-3.554884 -2.754658 1.388491
-2.164107 -0.814209 5.546765
-2.089947 -0.663234 5.450948
-2.18813 -0.694864 5.418268
-1.813481 -2.631473 0.901464
-1.772704 -2.481161 0.741783
0.418127 -0.203775 1.960896
0.369925 -0.045999 2.010238
0.252795 0.318655 1.998473
-1.466339 1.74008 3.041398
-1.594231 1.747129 2.91596
-1.595674 1.712444 2.364678
-1.69663 1.71162 2.213
-1.840803 1.769591 2.461394
-0.556882 1.571729 2.036952
-0.51749 1.561808 2.206216
-0.432438 1.471471 1.677061
-0.462835 1.509899 1.836461
-1.064483 1.50713 1.343485
-0.936568 1.551704 1.426034
-0.874443 1.54581 1.379061
-0.762917 1.607473 1.748827
-0.594489 1.564419 1.777897
-0.738448 1.572412 1.565378
-2.551506 -1.245109 5.788527
-2.389058 -1.265982 5.817838
-2.420424 -1.268935 6.180405
-2.351734 -1.200369 6.43666
-2.166264 -2.111357 5.226328
-2.414512 -2.124355 5.159133
-2.319827 -2.156018 5.090496
-2.354152 -2.099517 5.227971
-1.782906 -2.056438 0.355514
-1.609327 -1.951316 0.290393
-1.471819 -1.739166 0.169102
-1.615676 -1.562967 0.083742
-1.429331 -1.758345 0.182963
-2.386606 0.189423 0.06989
-2.281697 0.117735 0.050441
-2.321902 -0.002443 0.007214
-4.344945 0.470409 3.024042
-4.476241 0.344279 3.152032
-4.414075 0.421316 3.462719
-4.354354 0.267087 2.384791
-4.466979 0.178462 2.690468
-4.285829 0.459379 2.568713
-0.636471 0.956298 5.167028
-0.455184 -0.166169 5.723716
-0.746185 -0.179344 5.850755
-3.163427 1.57666 2.864329
-3.08836 1.638518 3.11135
-3.047321 1.650755 3.764295
-3.052559 1.664129 3.362929
-2.354099 1.767027 2.064514
-2.544487 1.742824 2.039317
-3.1205 -3.737057 2.898416
-3.061488 -3.387861 2.05448
-2.505597 -0.737076 5.472496
-2.446918 -0.729366 5.499073
-2.692826 -0.616519 5.249859
-2.712211 -0.822376 5.271116
-2.675082 -0.770608 5.277408
-3.624159 1.181647 3.19455
0.496294 -2.008368 3.795336
0.335395 -2.193028 3.870085
0.452195 -0.869804 1.630399
0.41013 -0.943609 1.535718
0.389765 -0.862144 1.438999
0.288216 -1.074716 1.30034
-2.003148 1.676838 1.616576
-1.645012 1.461597 1.192471
-1.622628 1.366838 0.978564
0.286084 -0.157441 1.496117
0.425529 -0.391132 1.711523
0.460364 -0.576379 1.681805
0.496541 -0.434917 1.998278
-1.853037 0.169201 5.60076
-1.982499 0.222108 5.517119
-1.732101 -0.10708 5.677467
-1.79568 -0.334268 5.596445
-3.849367 -1.842283 0.927149
-3.978458 -1.722288 1.055898
-3.878915 -1.557059 0.855329
-3.967607 -1.444315 0.966148
-4.098531 -1.650434 1.212909
-1.98903 -1.730569 6.217193
-1.928168 -1.614216 6.394738
-1.984037 -1.727127 6.325902
-3.488232 0.995074 1.369935
-3.836455 0.552964 1.250602
-3.806267 0.772837 1.573604
-3.703223 0.797781 1.343604
-4.138063 0.541772 2.147218
-4.06836 0.559722 1.907513
-4.183804 0.453425 2.107422
-4.096961 0.632336 2.388931
-4.049323 0.663052 2.282338
-4.182078 0.525265 2.310556
-3.299947 1.365799 2.212085
-1.140934 -2.036881 4.961436
-1.443739 -1.996338 4.995385
-1.186747 -2.230976 4.875165
-1.608492 -1.718526 5.13594
0.186818 -1.939757 2.217733
0.45256 -1.690465 2.48408
0.381637 -1.64998 2.169815
0.413396 -1.663654 2.302359
0.611945 -1.330107 4.157207
0.656818 -1.414879 3.948176
-0.019023 -1.833035 4.895016
0.402896 -1.566172 4.615295
-3.012039 -1.647687 5.159113
-3.152858 -1.63936 5.01286
-3.142425 -1.527062 5.034216
-3.924854 -2.540753 4.692789
-4.140862 -2.647813 4.567346
-2.484148 -1.903555 5.986989
-2.601762 -1.840799 5.799489
-2.473066 -1.923174 5.863564
-2.672575 -1.764695 5.751719
-2.771498 -1.756252 5.423233
-2.619349 -1.845553 5.608577
0.16317 -2.200077 2.867056
0.126241 -2.262768 2.93142
0.049422 -2.353571 2.882506
0.293534 -1.948424 2.586293
0.308034 -1.872015 2.453679
0.292741 -1.969171 2.649871
-0.177796 -1.310406 5.108017
-0.443656 -0.84258 5.31559
-0.537853 -0.69382 5.445753
-2.293831 -3.442764 4.221248
-1.55181 -3.679849 3.890916
-1.66968 -3.725334 3.500433
-1.308633 -3.693887 3.461517
-2.13611 -1.11737 -0.170686
-2.260862 -1.083865 -0.193986
-2.127625 -0.988681 -0.148969
-1.987128 -1.182555 -0.146698
-1.96839 -0.931429 -0.103155
0.53176 -0.39437 2.315901
0.608315 -0.601195 2.568352
0.574489 -0.534744 2.368478
0.56364 -0.431825 2.504174
-1.774298 -2.010694 5.014318
-1.900715 -2.082641 4.986818
-1.776416 -2.203352 4.953026
-1.628711 -1.944863 5.03416
-1.691303 -1.858495 5.068555
0.490812 -1.508021 2.348416
0.494522 -1.316738 2.10059
0.692015 -1.387582 3.610921
0.698441 -1.267688 3.358246
0.697427 -1.132283 3.593313
0.691633 -0.976083 3.390178
-0.8702 -3.030293 2.063761
-0.712634 -2.985871 2.147333
-0.646676 -3.051537 2.369756
-0.819056 -3.133043 2.346574
-2.53823 1.698504 4.034692
-1.995797 1.608557 4.29378
0.35745 -1.77191 4.61112
-0.605741 -1.99118 4.970387
-1.912651 -1.213053 6.555513
-2.028059 -1.510611 6.191337
-2.850788 0.535857 5.251759
-2.798157 0.992572 5.171377
-2.581513 0.846723 5.256972
-2.079305 0.517021 5.420635
-0.84383 1.639601 3.221598
-0.918761 1.676444 3.006187
-1.187317 1.713017 3.27282
-0.7495 1.629458 2.966204
-0.775799 1.64665 2.85024
-4.340646 -3.023977 3.061162
-4.510564 -2.621691 2.774226
-4.494428 -2.887574 3.240742
-4.621122 -2.717756 3.621
-1.514194 -1.413566 5.36331
-1.468321 -1.45682 5.280957
-1.456446 -1.358568 5.283155
-1.740387 -1.007731 5.558661
-1.7278 -1.123574 5.569609
-1.680825 -1.062745 5.488241
-1.718631 -1.237334 5.562512
-1.655632 -1.259223 5.51563
-0.082655 -1.814682 1.211715
-0.158481 -1.850768 1.085278
-0.101652 -1.702926 1.074133
-0.166276 -2.001707 1.284896
-0.27865 -0.236469 5.576215
-0.049949 -0.395633 5.197159
-1.964162 -1.443682 5.681536
-2.050731 -1.462249 5.742034
-1.993662 -1.616431 5.725755
-2.035946 -1.610366 5.90953
-2.063089 -1.58252 5.982656
-2.026562 -1.656472 5.989395
0.487247 -0.767159 1.719638
0.452611 -0.63572 1.622368
-3.756104 0.586767 4.602971
-3.676834 1.013191 4.436337
-3.452866 0.842915 4.966188
-3.625945 0.563792 4.852435
-3.431145 0.414054 5.039112
-0.416719 -2.240092 1.149803
-0.551373 -2.665283 1.700294
0.40634 0.152073 2.574853
0.365952 0.333609 2.6487
0.422722 0.158189 2.748467
0.459344 -0.02095 2.584367
-2.934558 -1.856154 5.138036
-2.907567 -1.789882 5.213507
-2.979245 -1.729287 5.159945
-2.723241 -2.016639 5.185297
-2.861528 -1.999433 5.101299
-0.835548 -2.287954 0.817621
-0.992932 -2.362136 0.827966
-0.934243 -2.690199 1.363878
-1.841813 -2.418462 4.878525
-1.63902 -2.526403 4.844948
-2.138623 -2.381011 4.886201
-0.213486 1.140772 4.026509
-0.532386 1.337105 4.124937
-2.006166 -2.005575 5.269221
-1.890081 -1.879425 5.285
-4.772243 -0.101979 3.775043
-4.806261 -0.326043 3.520092
-4.828714 -0.326043 3.850081
-4.686183 -0.338714 4.473625
-4.728745 -0.038988 4.086899
-4.832674 -0.448379 4.056653
-2.45367 1.360879 0.877215
-3.924115 0.519333 1.414978
-3.984955 0.55716 1.647186
-4.020907 0.320758 1.449325
-3.297789 -0.227229 5.044561
-2.618122 -0.601347 5.276876
-3.112144 -0.295758 0.207123
-2.696312 -0.123781 0.037393
-2.761561 -0.067898 0.066907
-0.359973 -2.744802 3.998678
-0.439722 -2.884211 4.065294
-0.349309 -2.944563 3.806732
-0.587015 -2.702098 4.350528
-0.461674 -2.576029 4.317134
-0.594733 -2.496081 4.494195
-0.198429 -1.661908 0.807697
0.174842 -1.209636 1.158941
-3.802009 -3.041307 2.060575
-3.901554 -3.363295 2.852088
-1.342609 -3.358225 2.34125
-1.664057 -3.421895 2.286753
-3.547156 -0.93774 4.966136
-3.289531 -0.575599 5.058162
-3.470027 -0.605036 5.024143
-3.225925 -0.917656 5.076085
-0.126473 -2.532842 2.54184
-0.107717 -2.535017 2.741912
-0.167138 -2.606841 2.596658
-0.205324 -2.592372 2.367511
-3.170485 1.603406 3.549823
-3.315014 1.512966 3.450822
-3.363031 1.478136 3.661887
-0.334918 -2.824055 2.484182
-0.268639 -2.810048 2.680862
-0.347944 -2.901652 2.632972
-0.442785 -2.949793 2.491294
-0.554758 -3.047785 2.506137
-4.687734 -1.286747 4.243904
-4.510899 -0.863795 4.638795
-4.423035 -0.52745 4.749962
-4.502354 -0.379007 4.698245
-2.149813 1.79185 3.290964
-2.170031 1.80381 3.07266
-2.008315 1.765487 3.586361
-2.250219 1.77781 3.481864
-4.652739 -1.488965 2.408084
-4.529532 -1.501405 2.029929
-4.623351 -1.710461 2.342664
-4.53446 -1.853968 2.141173
-4.454422 -1.737551 1.902855
-4.378066 -2.064304 1.924505
-3.17444 -1.30064 -0.024336
-3.378979 -1.054854 0.192682
0.159578 0.46455 4.618832
0.268767 0.343146 4.441202
0.223428 0.342932 4.620944
-0.348949 -1.619008 0.551472
-0.253323 -1.649209 0.703155
-0.665682 -1.689109 0.335409
-0.615762 -1.813805 0.453627
-0.794651 -1.716092 0.288808
-2.824522 -2.173496 0.328411
-2.963095 -2.081853 0.302575
-2.872246 -1.948444 0.148547
0.206122 -1.794722 1.953636
0.06614 -1.948457 1.847792
-3.841381 -0.943357 0.785577
-3.763102 -0.763816 0.711764
-3.743068 -1.114947 0.631121
0.435341 -1.998544 4.283819
0.342978 -2.162642 4.155878
-2.465136 -2.134946 5.101859
-2.481974 -2.085746 5.203837
0.532738 -0.206329 2.893785
0.561808 -0.292667 3.0881
0.58758 -0.404032 2.935142
0.54246 -0.2251 3.337957
-2.18139 -0.307846 -0.048579
-1.974015 0.147407 0.098002
-2.117937 -0.025299 0.019682
-2.181324 0.181515 0.079881
-1.650935 -1.765982 5.099527
-1.432487 -1.875397 5.043045
-2.312315 -1.514409 6.674519
-2.278098 -1.401371 6.731721
-2.387723 -1.40759 6.64249
-2.498398 -1.403838 6.515022
-2.377452 -1.306972 6.664983
0.639526 -0.867271 3.807186
0.595521 -0.659128 3.79938
0.563715 -0.710593 4.0142
0.497199 -0.466188 4.08025
0.423725 -0.328088 4.250866
-1.033483 1.582506 4.037165
-1.108184 1.577432 4.180832
-0.87439 1.460812 4.336754
-2.171325 1.79154 2.483424
-2.110592 1.801283 2.694109
-2.030187 1.790568 2.561708
-2.006495 -2.085647 5.16652
-1.933793 -2.013019 5.120984
-1.968579 -2.015303 5.201967
-1.866796 -1.912622 5.093968
-3.976127 -3.118554 4.507141
-4.291449 -2.827848 4.345103
-2.052834 -1.116568 5.687733
-2.077323 -1.358111 5.72074
-1.992298 -1.319843 5.677263
-2.986218 0.586191 0.330016
-2.802876 0.374292 0.177809
-0.707944 -3.24078 4.29844
-0.497387 -3.041101 4.100187
-0.583533 -2.943073 4.290531
-0.476642 -3.287884 3.530928
-0.420045 -3.15094 3.762781
-0.591718 -3.337494 4.012149
-2.300476 -2.950342 4.646047
-2.052028 -2.807028 4.721411
-2.283922 -2.678272 4.766028
-2.166827 -2.511118 4.834111
-2.317868 -1.292776 5.841421
-2.311183 -1.329816 5.936839
-2.238305 -1.366511 5.86648
-2.454195 -1.270268 5.932787
-2.374996 -1.292205 5.912159
0.167243 -0.900361 0.985903
0.005688 -1.016019 0.762835
-0.071334 -0.809037 0.60452
0.018569 -0.623457 0.703553
0.196196 -0.477798 0.996389
-1.803422 -0.623438 -0.015657
-2.001118 -0.390475 -0.026207
-1.462106 -0.870908 0.029656
-1.572165 -1.069324 -0.029311
-1.651575 -1.149724 -0.051496
-1.688821 -0.963114 -0.040951
0.364844 -1.425426 1.791229
0.515766 -0.929907 1.860683
0.499065 -1.130159 1.924352
-2.318648 -0.757156 5.514117
-2.308869 -0.658841 5.394358
-1.700397 -1.525601 5.500423
-1.635575 -1.398006 5.499739
-1.784365 -1.508803 5.550106
-1.577507 -1.493621 5.434621
-3.040981 1.428702 1.636955
-3.195696 1.282339 1.533801
-2.571322 -1.763459 6.234258
-2.786145 -1.57698 5.664196
-2.753578 -1.55241 5.854269
-2.801095 -1.445193 5.627197
-2.44664 -0.016311 -0.004605
-2.180593 -0.154902 -0.015298
-1.990895 -1.508231 6.791354
-3.411061 1.312681 2.473781
-3.505371 1.223432 2.516005
-3.4013 1.343286 2.597984
-3.421435 1.270917 2.300679
-3.554131 1.124263 2.226259
-3.534044 1.176975 2.413073
-3.719709 -3.50077 4.194033
-3.674932 -3.609426 3.920458
-4.030296 -3.419166 3.71949
-3.42555 -2.995693 1.628603
-2.251617 1.797861 3.247177
-2.104314 0.964808 0.402092
-2.00164 0.951149 0.399202
-2.040771 0.842173 0.332262
-1.849868 1.107854 0.526863
-1.716394 1.180435 0.606313
-1.828656 0.770616 0.317275
-2.834139 -2.720781 0.949177
-3.05585 -2.748082 1.069431
-2.923703 -2.605037 0.837693
-2.980621 -2.431551 0.65433
0.638001 -0.74468 3.633539
0.680034 -0.948563 3.588848
0.093038 0.91109 1.883435
-0.986291 -3.200551 2.310975
-0.940118 -3.262026 2.494092
0.283052 0.615865 2.646463
-3.104532 -3.65734 2.667952
-3.081223 -3.544574 2.382682
-2.804101 -3.682731 2.647038
-2.538851 -3.593397 2.426658
-2.112488 -1.707464 6.592222
-2.128856 -1.626517 6.701075
-2.312348 -1.636488 6.622188
-4.202434 0.569058 3.665094
-4.083656 0.698117 3.363845
-4.479449 0.308557 3.859837
-4.492475 0.33048 3.68462
0.568185 -1.379279 2.452017
0.262548 0.442775 4.270624
-3.49963 -1.587055 0.390335
-3.416195 -1.263849 0.215726
-3.418634 -1.194723 0.220978
-2.359677 -0.462599 5.383652
-2.516066 -0.4124 5.32202
-3.164031 1.231672 1.331154
-3.078276 -2.46794 4.914215
-2.873823 -2.292168 4.979961
-1.928336 -2.287462 4.924654
-2.021023 -2.311487 4.913521
-2.003865 -2.443275 4.865848
-1.982822 -2.105123 5.0673
-2.019964 -2.192213 4.990094
-1.944979 -2.140501 4.9814
-1.010302 -1.16554 5.314297
-0.99551 -1.229256 5.288078
-0.359814 -1.252977 5.184129
-0.381671 -0.993107 5.244824
-0.696368 -1.129277 5.294238
-2.67441 1.754493 2.409901
-2.670845 1.729831 2.193483
-2.817642 1.692475 2.304212
-2.840558 1.626486 1.976726
-3.00498 1.538018 1.994937
-2.88253 1.645572 2.179181
-1.650307 -1.169641 5.495078
-1.54778 -1.158002 5.347344
-1.625094 -1.083398 5.39779
-1.633209 -1.148829 5.432717
-1.9277 -1.5501 5.635332
-1.998521 -1.740437 5.730982
-1.283426 -2.061085 0.411586
-1.137387 -1.909627 0.31594
-1.269153 -1.862615 0.255142
-2.305739 1.079142 0.496648
0.263941 -0.786044 4.722051
0.378508 -0.705671 4.504884
0.113569 -0.835712 4.916351
0.300806 -0.922772 4.704473
0.676071 -1.134973 2.834732
0.664621 -1.051311 2.690091
0.657977 -0.92488 2.641426
0.38742 0.202894 3.969772
0.427957 0.14471 3.73014
0.393408 0.232935 3.850849
-1.612796 0.854658 5.47182
-1.616527 0.663909 5.603583
-1.286045 1.39542 4.888896
-1.048573 1.36227 4.88052
-1.614303 -3.649235 2.984494
-1.95825 -3.709603 3.180463
-2.149482 -3.663974 3.768797
-0.485855 -1.445881 5.169107
-0.788039 -1.93745 5.015079
-0.775539 -1.871908 5.044343
-2.423685 -3.048732 4.591764
-2.799092 -3.455076 4.268668
-2.869619 -3.253942 4.51347
0.276411 0.65333 3.31701
0.205588 0.660995 3.830225
0.298357 0.539386 3.660534
-2.083691 -0.355966 5.472804
-3.746938 -1.708664 0.735526
-3.170459 -2.02575 0.370397
-4.340034 -1.002752 1.600529
-4.433558 -0.862679 1.852263
-1.49656 1.621267 1.941892
-1.747913 1.692122 1.982795
-4.170036 -2.357194 1.780693
-4.299631 -2.272823 1.92603
-4.270068 -2.129247 1.75977
-1.924506 -1.423273 6.398473
-1.930955 -1.517302 6.35702
-1.220821 -1.753597 0.191929
-1.104973 -1.709336 0.189989
-1.075358 -1.848282 0.289117
-3.996186 -2.449869 1.588161
-1.814319 -3.060215 1.505947
-1.721948 -2.932421 1.333541
-1.530412 -2.914301 1.386213
-1.629115 -3.002892 1.487259
-0.656877 -3.437901 3.464605
-0.487141 -3.214807 3.100312
-0.403105 -3.1638 3.252162
-0.501747 -3.277394 3.274392
-0.871649 0.085955 5.87325
-0.699614 0.628968 5.560853
-1.021468 0.527365 5.783449
-1.296755 -0.214999 5.901864
-1.354785 -0.445175 5.818137
-1.144629 -0.280544 5.889208
0.65073 -1.033277 2.583799
-4.6956 -1.18525 2.584566
-4.701035 -1.467953 2.613168
0.19118 0.722428 2.148954
0.223965 0.705291 2.366294
0.139605 0.779033 1.923737
0.123737 0.876451 2.006876
0.170294 0.724658 2.027555
-1.215079 -1.872867 5.041481
-0.994168 -1.937468 5.017447
-1.113796 -1.744149 5.092803
-1.324129 -1.935725 5.01328
-2.31055 -1.207461 6.679833
-2.277514 -1.251245 6.754879
-2.192285 -1.148607 6.748988
-2.239191 -1.24671 6.780917
-2.973711 -0.374505 0.112009
-2.973782 -0.55846 0.025199
-4.272746 -1.13224 4.70527
-4.316884 -1.564808 4.545467
-4.162883 -1.660358 4.62543
-2.494864 0.29366 0.111323
-2.565339 0.23574 0.090165
-4.067094 -0.613365 1.160636
-4.13792 -0.36129 1.35694
-3.838449 0.926988 2.898967
-3.754298 1.023846 3.052816
-3.725228 1.023649 2.74995
-2.64885 -1.388185 6.160696
-2.534724 -1.276644 6.083767
-2.605649 -1.302442 5.986287
-4.460886 0.29321 2.913388
-4.730603 -0.230504 3.196044
0.01454 1.115706 2.861759
0.112009 0.962531 2.673698
0.166709 0.873833 2.928814
0.18466 0.820618 3.240254
-3.60369 -3.479078 2.69049
0.506458 -0.289299 2.349217
0.494735 -0.316782 2.207327
-3.043422 -0.826618 5.132523
-2.986152 -0.453039 5.149588
0.547635 -0.851655 1.965783
0.533226 -0.699066 1.92668
0.507487 -0.588888 1.875455
0.493699 -0.499357 1.900631
0.525438 -0.591763 1.976532
-0.21854 1.368593 2.13104
0.010209 1.128629 2.491147
-3.206325 -3.769944 3.090283
-3.591191 1.018939 1.838815
-3.585238 0.97668 1.621983
-3.611801 0.918987 1.472164
-3.744251 -0.14086 0.761572
-3.601022 0.068204 0.623884
-3.543648 -0.117824 0.533777
-3.467686 -0.401697 0.454021
-3.700599 -0.493063 0.672996
0.526071 -1.25352 4.392694
0.577492 -1.119217 4.229864
-1.834991 -0.975386 5.632904
-1.795076 -1.065125 5.621348
-1.786954 -0.869237 5.603605
-1.881141 -0.828083 5.592039
-1.388265 -0.531554 5.780929
-1.65365 -1.001512 5.455562
-1.57643 -0.945684 5.463708
-0.10245 -2.494563 3.903445
-0.251873 -2.596722 3.954324
-0.175343 -2.612572 3.77577
-0.236688 -1.964715 1.063432
-0.287048 -1.940437 0.938031
-0.364322 -2.048759 0.962596
-1.410606 -2.308742 0.628455
-1.744396 -2.336638 0.597672
-1.478648 -2.468662 0.791671
-1.236827 -2.388213 0.761839
-1.892698 -0.540937 5.539111
-1.860584 -0.664579 5.561062
-1.816707 -0.54937 5.573965
-1.38506 1.617405 4.190958
-2.451961 -0.93201 5.572399
-2.474212 -1.036079 5.617768
-1.819919 -3.293513 4.463867
-1.916472 -3.581894 4.081568
-1.686511 -3.464219 4.30539
-4.735254 -2.018055 2.998811
-4.775848 -1.619469 3.223983
-4.828923 -0.847496 4.121559
-4.863441 -0.764567 3.850585
-4.856529 -0.877917 3.891644
-4.863652 -0.828067 3.617686
-4.867251 -0.673779 3.725876
-4.842529 -0.563262 3.512275
-0.570231 -2.996076 2.362458
-3.706725 -2.586822 4.774742
-3.567982 -2.473383 4.814391
-3.514288 -1.998475 4.847527
-3.85018 -2.151126 4.732104
-1.763259 1.321211 0.800378
-1.334759 1.347738 1.055603
-1.511185 1.303868 0.927318
-2.548981 -2.045828 5.24229
-2.653999 -0.851469 5.361326
-2.617167 -0.874486 5.450541
-2.579286 -0.77613 5.436048
-2.613236 -0.940558 5.495441
-2.711572 -1.034573 5.434413
-4.159969 -1.24464 1.236159
-0.821395 1.669487 2.627938
-0.887364 1.678345 2.783742
-0.742721 1.641646 2.705904
-1.114988 1.715529 2.938046
0.52902 -0.805276 1.894236
0.527817 -1.024169 1.953309
-3.279101 -2.966678 1.49038
-3.016183 -3.06511 1.501867
-3.117318 -2.905221 1.313046
-0.815325 1.578151 1.538407
-0.824951 1.592344 1.622845
0.665601 -0.756526 2.984333
-2.57113 -1.231857 -0.275342
-2.142798 -1.232649 -0.190427
-0.757821 -0.723159 5.535662
-1.136761 -0.870143 5.510888
-0.835681 -0.897318 5.421975
-0.8557 -0.658885 5.643723
0.504072 -0.107095 3.538854
0.469523 -0.097478 3.849027
0.429672 0.065075 3.890956
0.188161 -1.859787 2.03452
-2.246691 0.289537 0.113416
-2.033481 0.446235 0.185351
-3.532442 -0.773679 0.456566
-3.599789 -0.642178 0.547275
-3.506064 0.485195 0.679329
-0.99973 -2.713867 4.692623
-1.315431 -2.643186 4.811136
-1.32943 -2.540594 4.843253
-0.956883 -2.578835 4.679488
-0.94085 -2.40036 4.717341
-1.931147 -1.318553 -0.147469
-1.67424 -1.23965 -0.046291
-2.896262 1.672808 2.409902
-2.688177 1.766648 2.571988
-2.584627 1.796048 2.71822
-1.989712 -1.138136 6.576792
-2.07883 -1.11506 6.611979
-3.226143 1.514142 2.693487
-0.459859 -2.329985 1.229777
-0.369941 -2.296291 1.314962
-0.422651 -2.400486 1.398676
-0.540538 -2.472422 1.363033
0.036646 -1.859209 1.592242
-0.08499 -2.015815 1.526313
-0.028701 -1.83784 1.386504
-1.912328 -0.625134 -0.042071
-1.951411 -0.762744 -0.072851
-1.844517 -0.930075 -0.0732
-1.766836 -0.961137 -0.059377
-0.661088 1.587625 3.07197
-0.528119 1.52036 3.181391
-0.429117 1.492543 2.950283
-3.968512 0.631807 1.755911
-3.970931 0.661547 1.826791
-3.168574 -1.782752 4.990206
-3.005536 -1.785233 5.060853
-3.058864 -1.667852 5.0575
-0.60851 1.604063 2.292558
-2.739859 -1.455046 -0.226578
-2.676778 -1.711226 -0.103137
-3.21019 -1.816261 0.244683
-0.210328 -2.802938 3.190661
-0.27159 -2.91643 3.114329
-2.290478 -0.141372 -0.02203
-2.287139 -0.444548 -0.105582
-3.96517 0.778885 3.595787
-3.76203 1.031006 3.245667
0.324325 0.438524 3.886958
0.19285 0.612849 4.116243
-2.012248 1.513207 4.531902
-2.203143 1.580434 4.407625
-0.203711 1.339412 2.007336
-0.351833 1.45388 2.00841
-2.045665 -1.866464 5.747057
-2.278965 -1.971273 5.855885
-0.901381 1.654979 2.059736
-2.434703 -1.972731 5.555322
-4.788696 -0.709217 4.304196
-4.647901 -0.810756 4.528585
-3.688552 -1.587705 4.834641
-3.668993 -1.353528 4.8802
-3.517257 -1.294752 4.937316
-3.227122 -0.027447 5.07672
-3.534993 -0.108012 4.950993
-3.325279 0.577193 5.078989
-1.879902 -3.438181 2.220878
-1.837522 -3.523401 2.466274
-2.451987 -3.658391 2.656075
-2.348919 -3.578377 2.425162
-1.010302 -3.136029 2.147652
-1.202646 -3.216366 2.146741
-2.6733 -1.639579 6.124743
-1.740546 -1.695236 0.127443
-1.692431 -1.631045 0.107534
-2.883683 -1.918003 5.166576
-2.961702 -1.912958 5.078018
-3.044504 -3.132906 4.673029
-3.394415 -3.219476 4.652332
-3.730005 -3.076003 4.69143
-2.338567 -1.34731 6.701838
-2.279952 -1.331596 6.744842
-2.254253 -1.312041 6.765778
0.563227 -1.587949 4.277467
-3.057433 -1.43863 5.182147
-3.012907 -1.399132 5.242517
-3.105636 -1.409907 5.091582
-3.047413 -1.559973 5.130388
-3.338095 1.472512 3.99327
-2.454452 0.163805 0.061055
-2.636724 0.051459 0.058078
0.463455 0.010115 2.761411
0.237731 -1.915253 2.333561
0.298929 -1.790273 2.233089
-1.85477 1.784379 2.663294
-1.582217 1.742043 2.72479
-2.084297 -1.574724 -0.125111
-2.996873 -1.326858 5.275136
-4.174091 -3.045824 2.659867
-4.073332 -2.987032 2.352991
-4.000538 -3.163991 2.557267
-1.827556 1.756267 3.527311
-2.036136 1.787296 3.368091
-0.26349 0.867145 4.785661
-0.426727 0.945666 4.92185
-0.332125 0.792171 5.02348
-0.256021 1.035162 4.401945
-0.335016 1.006618 4.652391
-3.248026 1.452315 2.422563
-3.334429 1.376793 2.422938
-3.304882 1.425641 2.557104
-4.21954 -0.093515 1.638813
-0.92784 1.412196 4.608552
0.617775 -1.746101 3.757402
0.665915 -1.531075 3.76429
-2.257932 -1.570556 6.692707
-2.152754 -1.525624 6.781829
-2.192394 -1.517718 6.760941
0.04992 0.99552 1.824265
-0.091824 0.978091 1.246174
-0.073883 0.903761 1.203423
-0.512244 1.074099 0.586516
-0.882127 -2.191378 0.675787
-0.739327 -2.127454 0.683206
-2.634217 -3.223801 1.621789
-3.864027 0.395701 4.494222
-3.878284 0.224049 4.591641
-3.341491 -0.924362 5.042521
-3.637053 -0.625134 4.981717
-3.202973 -1.265143 5.064861
-2.720696 -1.196937 5.566884
-2.012893 -1.730893 5.995529
-2.011034 -1.697457 5.821509
-2.006769 -1.660867 6.089747
-1.651789 1.739112 2.476113
-1.465929 1.696424 2.420443
-0.171738 -1.545009 0.768152
0.054685 -1.124741 0.895846
0.079202 -1.239893 0.999882
-1.828163 -2.751958 4.754228
0.114985 0.372992 4.891396
-0.040806 0.474989 5.053826
-3.264833 1.344339 1.96531
-3.116997 1.465169 1.961926
-3.118613 1.422048 1.782895
-3.279239 1.299031 1.834469
-1.209226 0.045877 5.916449
-1.383141 -0.021578 5.866135
-1.777969 1.516146 1.231532
-2.496248 1.809741 2.923858
0.638863 -0.777985 2.589434
0.618148 -0.747854 2.432597
-4.444878 -2.932122 3.873228
-4.335022 -3.121237 3.722903
-4.536175 -2.707757 4.016544
-1.259259 1.288894 5.11532
-1.176001 1.321587 5.041972
-1.926759 1.033742 5.173791
-1.59989 1.267937 5.005367
-2.281492 1.216376 0.630749
-2.503464 1.129025 0.583933
-2.491001 1.238335 0.72002
-2.325786 1.381797 0.865731
-1.535331 1.529748 1.552233
-1.490887 1.579428 1.748887
-2.24866 -2.125721 5.202231
-2.142731 -0.785018 -0.121107
-2.362986 -0.763792 -0.172181
-2.666115 -1.703927 6.031532
-2.713253 -1.682955 5.842613
-2.618256 -1.792772 5.961254
0.436108 -0.326175 1.856871
0.357967 -0.053498 1.93191
-2.027681 -0.952781 5.636651
-2.85439 -3.505152 2.209445
-4.764502 -1.676876 3.399785
-4.778246 -1.242837 4.00117
-4.717925 -1.043087 4.329288
-4.836596 -1.01991 3.937472
-2.612871 -0.73182 5.337201
0.525002 -1.30964 2.19775
0.555416 -1.305431 2.298223
0.590253 -1.204451 2.360866
-3.048976 -0.351768 5.130058
-3.11668 -0.337286 5.106368
-3.164089 0.038962 5.109348
-4.123356 -2.436224 4.597988
-3.774608 -2.330822 4.755601
0.492052 -0.643222 4.227633
0.405846 -0.636332 4.426073
-0.514947 0.80997 5.221621
-0.475208 0.404239 5.555053
-0.829775 -1.627949 0.22569
0.504055 -1.811913 2.996635
0.602676 -1.611552 3.030755
-1.306786 1.442539 1.293764
0.493818 -0.635067 1.783062
-0.881328 -3.544619 3.420562
-0.361873 1.232102 4.116679
-0.310564 1.136688 4.279935
-4.847412 -0.736464 3.448039
-4.816577 -0.5966 3.289883
0.285152 -0.967999 1.245744
0.199746 -0.42586 4.787822
0.006623 -0.494974 5.069124
-0.447167 -3.132349 2.957747
0.268587 0.62773 2.54782
0.321037 0.471935 2.591547
-2.35049 1.723002 3.958297
-2.419436 1.776656 3.53426
-2.436858 1.653159 4.236125
-3.325241 1.483777 3.151603
-2.781491 -0.800401 5.221832
-2.845637 -0.553267 5.197299
-2.713387 -0.932788 5.298243
-1.933088 -1.877306 5.3776
-1.97097 -1.947789 5.301799
-1.826391 -1.807442 5.326938
0.222502 -1.871572 2.170919
-0.818252 -1.256414 5.265422
-1.705612 1.001847 5.282659
-2.317132 0.89119 5.256308
-2.146772 0.832083 5.295052
-2.194921 -1.413295 5.903434
-2.209046 -1.346295 5.79309
-2.260901 -1.334896 5.842538
-3.067357 0.859173 0.554892
-0.013723 -2.075438 1.850005
-0.097645 -2.091149 1.627743
-2.022789 -1.631296 5.809089
-2.051898 -1.544879 5.830533
0.353158 0.0787 2.134238
-3.278954 1.087231 1.172041
-3.443773 0.932396 1.095176
-2.48783 1.471476 1.087024
-2.590812 1.543907 1.329139
0.626156 -0.615534 3.488992
0.589773 -0.40122 3.140237
0.615293 -0.498261 2.989976
-2.683627 1.243812 4.985524
-2.450721 1.424683 4.744901
-3.604518 -2.313652 0.969142
-3.680113 -2.074409 0.882061
-1.325552 -1.394498 5.233625
-1.079992 -1.506984 5.181844
-2.348951 -2.645492 4.78698
-2.380852 -2.504424 4.848493
-0.210549 1.28391 1.612962
-0.868092 1.513599 1.225915
-0.377165 1.423147 1.600814
-2.521184 -2.48798 4.871167
-2.501466 -2.303023 4.937076
-0.179076 -2.72178 3.037177
-1.542658 -1.511547 5.397173
-1.522926 -1.424587 5.395259
-1.126218 -3.540076 3.000164
-1.391984 -3.666168 3.194938
-1.187688 -3.624233 3.218736
-1.114125 -2.470418 0.912498
-0.914109 -2.507008 1.080991
-0.910125 -3.335985 2.696091
-1.109389 -3.293288 2.394458
-4.227133 -0.419737 4.852664
-4.312216 -0.783203 4.753147
-2.865893 -1.752362 5.280351
-2.862879 -1.692699 5.343963
-2.402029 -0.999349 -0.212826
-2.615573 -0.83212 -0.234354
-3.904671 0.34865 1.201022
-2.144935 -1.936463 5.82331
-2.258169 -1.957801 5.985064
0.334044 0.073792 4.410848
0.365262 -0.148877 4.387661
-1.780747 1.207604 0.622251
-2.03627 1.047031 0.46519
-0.662101 -2.532448 1.329913
-3.527889 -2.514283 1.086151
-2.266078 -1.372617 5.957723
-2.388312 -1.296725 5.99735
-2.227202 -1.304752 6.228784
0.482691 -1.417856 2.183602
-2.615349 -3.217293 4.468815
-4.082435 -1.418109 1.137917
-4.129494 -1.326621 1.198962
-0.733616 -3.337697 2.937917
-4.125801 -3.324417 3.340797
-3.900155 -3.508578 3.491891
-2.321393 -2.05782 5.321062
-1.799038 -1.888361 5.071682
-1.653357 -2.830688 1.210549
-1.832807 -2.84548 1.175018
-0.007505 -1.660322 1.199698
-0.045879 -1.577188 1.04812
0.365668 -1.059143 1.478763
0.435676 -0.968711 1.623797
-1.244091 -2.870471 4.725781
-1.587221 -2.730733 4.771289
0.214584 -1.476582 1.453719
0.099647 -1.485197 1.229407
0.116591 -1.532902 1.315436
0.526691 -0.556792 4.036772
0.543433 -0.475957 3.875009
0.572871 -0.556995 3.80354
0.437747 -1.307895 1.893495
0.49065 -1.231201 1.982158
-1.534487 -2.446552 0.753259
-2.515661 -1.26511 5.937895
-2.171651 1.421062 0.897735
-2.027315 1.47478 1.005194
-2.167494 1.353969 0.787391
-0.768669 -2.454246 4.614439
-0.222309 1.377164 2.274893
-0.040894 1.196842 2.358782
-3.726919 -0.30574 0.716791
-3.896784 -0.298176 0.945213
-2.905466 1.334386 1.17264
-3.170298 1.197342 1.253733
-4.545118 -1.2199 4.50115
-4.346856 -1.353699 4.602451
-3.957198 0.555844 4.213037
-4.318775 0.43731 3.824644
-0.903628 1.604077 1.700667
0.155254 0.506477 1.794556
0.248467 0.258639 1.91811
0.271405 0.098894 1.836071
-2.668282 0.160584 0.089097
-2.53852 0.129443 0.04955
-1.526493 1.732345 3.512347
-1.314018 1.713866 3.485361
-1.630852 -3.170898 1.782683
-1.7566 -3.22717 1.827877
-1.72824 -3.118454 1.635087
-2.018998 -1.785893 6.138987
-2.04543 -1.718315 6.541179
-1.02959 1.707299 2.760713
0.201104 0.612498 4.076629
0.352754 0.322791 3.966721
0.124847 -2.199313 2.69216
0.284036 -2.040545 2.821338
0.4072 -1.911444 2.894417
-1.532815 1.722123 2.570605
-3.845532 0.928941 3.248877
-3.967243 0.809096 3.309077
-3.873684 0.900119 3.068683
-2.36848 -3.726515 3.109661
-2.071055 -3.716361 3.493657
0.525364 -0.294694 2.488161
0.592618 -0.509469 2.616416
-2.272879 -1.292957 6.754745
-2.531228 1.795948 2.544641
-1.897588 -1.527667 6.437366
-1.864191 -1.421876 6.503651
-1.493779 -0.804834 5.578631
-1.012396 -0.418658 5.83148
-0.613453 1.505576 3.540491
-0.595918 -1.946165 0.597031
-0.524459 -1.885273 0.597272
-0.472461 -1.718796 0.492045
-3.611428 0.921459 4.727517
-0.193988 -2.498126 4.140077
-1.884336 -0.062992 5.589753
-1.873895 -0.296232 5.564358
-1.761802 -0.025761 5.665378
-2.003577 -0.354796 5.501043
-0.480718 -2.896272 2.289315
-2.03407 0.657299 0.257584
0.56608 -0.836915 2.055402
-0.173392 -2.650106 2.779139
0.104963 0.097141 5.103274
0.047354 -0.095168 5.201715
0.130342 -2.229734 2.82918
-2.013329 -3.459223 2.21952
-1.967353 -3.499871 2.33917
-3.920428 -1.910892 4.711031
-3.593747 -1.892363 4.826426
0.58874 -1.465338 2.665698
0.616716 -1.471322 2.815667
-4.592211 -0.021129 2.879383
-2.716845 -1.520898 6.031851
-4.056561 0.44721 1.683248
-3.013407 -2.000283 5.036912
-2.853452 1.739579 3.348396
-2.925327 1.713044 3.16031
-0.600353 -2.072801 0.72245
0.654913 -1.364203 2.909091
-0.238828 -0.792898 5.224987
0.316779 -1.311892 4.749182
-2.188147 -0.984255 5.638927
-2.07581 -1.026133 5.660855
0.462924 -0.780564 1.642624
0.385633 -0.59043 1.414174
-3.174264 -0.494938 0.222499
-2.768643 -0.451939 -0.072535
-3.740623 -0.863364 0.668645
-3.606469 1.083175 2.296936
-3.576524 1.06087 1.98602
-0.012405 -1.364573 0.929823
-0.06625 -1.263561 0.776516
0.055565 -1.384653 1.035756
0.063018 -1.426903 1.094566
-1.840026 -3.05131 4.615396
-1.988428 -3.116427 4.566986
-1.807038 -0.817006 -0.046621
-0.694035 1.630777 2.531312
-2.25933 -1.195018 6.7425
-2.63899 0.022607 5.290959
-1.381478 -1.922415 0.285995
-2.68629 -3.737182 2.936079
-4.814938 -1.040466 3.197459
-4.835504 -0.818299 3.341904
-4.79706 -0.806582 3.088751
-4.721659 -0.9822 2.7226
-1.63282 1.303633 0.843388
-1.703507 1.264171 0.735781
-1.789755 1.260947 0.686006
-2.849722 -3.078443 4.657699
-3.264346 -3.800967 3.3636
-4.598603 -2.247989 2.563038
-2.819456 -1.418222 5.523809
-2.95778 -1.437262 5.329408
-0.398333 -2.9816 2.681448
-0.336795 -2.941899 2.765599
-2.045899 -0.758227 5.498596
-2.07807 -0.717527 5.46034
0.488167 -0.200901 2.407996
0.467458 -0.119069 2.435413
-1.525835 1.606141 4.247704
-2.636662 -2.080418 5.137674
-3.252727 0.205234 5.095203
-3.949252 0.807085 2.689063
-3.16867 -1.182399 -0.044411
-2.972606 -3.252265 1.781758
-2.843027 -3.206081 1.650955
-1.354673 -2.773631 1.249232
-1.059592 -2.56865 1.085057
-4.700106 -0.774891 2.687517
-2.226134 -0.445127 -0.091986
-3.248362 -2.696243 4.883746
-2.971565 -2.598802 4.905091
-0.344481 -2.163272 4.816265
-0.203847 -2.320197 4.605118
-3.341842 1.405472 4.295754
0.041395 1.051938 2.124433
0.116609 0.934232 2.108428
-3.145766 -1.121006 5.093814
-3.028282 -1.101272 5.136327
-0.417981 -2.874387 2.376985
-4.467884 -2.461705 4.232018
-2.695674 -2.632661 0.803686
0.693653 -0.967253 3.250446
0.68376 -0.86075 3.211654
0.41859 -1.224571 1.756457
0.335606 -1.417325 1.693824
-2.011284 -0.150643 0.017664
-1.235565 1.524886 4.501713
-1.055854 1.508204 4.432082
-1.003424 -1.647539 0.181021
-4.122181 -1.377012 4.724739
-4.119864 -1.205763 4.764613
-3.935181 -1.247027 4.815333
-0.792659 -3.513516 3.954391
-0.077537 -2.566919 3.210332
-0.156342 -2.688233 3.324308
-0.202917 -2.788949 3.247119
-3.595651 -1.876713 0.639503
-1.644545 -1.220192 -0.040375
-4.226755 -2.030397 1.616002
-3.820908 -3.308766 2.581481
-2.410774 -1.329138 6.622794
-4.001071 -2.367779 4.674534
-0.248722 1.34428 3.259049
-1.744241 -0.625107 5.599878
-0.452932 1.512973 1.944856
-4.594497 -1.90563 2.337721
-3.667496 -1.213777 4.901311
-2.60533 -0.622538 5.280403
-2.730979 -0.419997 5.241345
-2.730979 -0.419997 5.241345
-3.015971 -1.502976 5.22473
-1.011647 -2.968938 4.636655
-2.490278 -1.273339 6.00045
-0.666391 1.620824 2.128874
-3.741232 0.381683 4.670858
-3.678433 0.383472 4.785603
-3.55598 0.323885 4.942086
0.638367 -0.60772 2.995198
0.125889 -0.753941 4.896591
-1.529587 1.471908 1.362776
-2.560325 -0.237004 -0.064072
-0.325197 -2.443191 1.680479
-1.867451 -2.72734 1.005543
-3.834415 -2.648867 1.548337
-3.89137 -2.442328 1.422887
-0.24157 -0.961414 0.433281
-1.188791 1.549198 4.374672
-2.329804 1.808133 2.757695
-1.236115 1.440419 1.246756
-4.864645 -0.913427 3.766661
-3.206099 1.010015 5.028523
-2.328465 -1.726009 -0.11563
-2.649447 -1.318066 5.911815
-2.467714 -1.08909 -0.243116
-4.853053 -0.665647 4.023956
-4.068594 -2.57942 1.819863
-2.02715 -1.852512 0.127865
-4.10276 0.576902 3.869638
-3.004989 -3.810167 3.45312
0.513538 -0.67418 1.842878
-2.55638 -1.835453 6.114711
0.330388 0.05871 2.000359
0.128641 -2.170783 2.61605
0.654775 -0.813422 2.726415
-1.859659 -1.371071 -0.096952
-1.504458 1.712931 3.661059
-1.223266 1.670606 3.738364
-2.186667 0.322117 0.12831
-2.128356 0.523367 0.205069
-1.407788 1.227143 0.804054
-0.333223 0.617198 5.25068
-0.674893 1.42655 4.090977
-0.104926 1.113679 3.747256
-0.525378 -1.987573 0.700322
-1.59358 1.334167 0.932235
-2.547605 -1.935195 5.501784
-2.460742 -1.942928 5.696466
-2.227435 -2.079814 5.278686
-2.231188 0.005854 0.016794
-1.259505 -2.189691 0.538313
-2.444213 0.98856 0.437293
0.552059 -0.595247 2.12235
-0.40047 -3.170021 3.410584
-2.633644 -1.491892 6.287357
-2.539029 -1.509335 6.448022
0.31153 0.31638 2.261092
-4.026785 -0.346655 4.916138
-2.528489 -3.643992 2.590585
0.592882 -0.62394 2.359999
-2.983147 -0.128217 0.158521
-1.705392 -3.302654 2.00004
-1.678285 -3.619941 2.834264
-2.245111 0.235615 0.093848
-2.262012 0.186147 0.075347
-3.048723 -0.493929 0.118129
-2.114695 1.745237 1.951113
-2.395067 1.671921 1.56964
-2.969022 0.36554 0.233204
0.249 -1.807668 2.106543
0.284141 -1.714954 2.02229
-1.928926 -1.58606 6.372757
-0.861284 -3.386658 2.890307
-0.611656 -3.335138 3.163641
-1.456009 1.35028 4.913975
-2.453076 -2.38502 4.902841
-2.004455 -1.219368 6.492406
0.622632 -0.531893 3.115108
-4.292178 -3.17322 3.424905
-2.25959 -3.557923 2.391506
-2.046801 -3.524771 2.379094
-2.303419 -2.648752 4.78038
-2.788974 1.723769 2.479229
-2.99824 1.510194 1.826553
-0.034039 -2.477956 3.680143
-2.784545 1.761258 3.090479
-2.695585 1.779463 2.948407
-2.280411 -0.313578 -0.072931
-2.0953 -1.472954 6.820739
-1.246234 -1.961978 0.325581
-0.582241 -1.644006 0.368656
-1.318475 1.732888 3.168227
-1.593894 1.743087 3.461124
0.36223 -0.97522 1.420067
0.363815 -1.036623 1.460504
-4.070271 -0.785041 1.141606
-1.801755 -1.142712 5.621881
-0.127776 -2.205448 1.753964
-1.884075 -1.842086 5.357356
-1.976617 0.830963 0.332756
-1.940552 1.006413 0.444561
-4.387496 -2.275153 4.337335
-0.307278 -2.682355 2.230995
-1.744305 -1.429326 -0.007411
0.091092 0.832152 1.760188
-0.046437 1.074935 1.57746
-0.006533 1.070834 1.793621
-1.507791 -3.094849 1.706529
-1.779233 -2.987527 1.399364
-0.049949 -1.408396 0.904174
-2.201197 -1.394153 5.853234
-0.417226 -1.940073 4.975825
-2.193814 1.647799 4.211653
0.522356 -0.269252 3.713073
0.334211 0.198169 2.209777
0.356378 -1.859016 2.57521
-2.170271 -1.296132 5.751388
-4.440277 -1.081622 4.625229
0.288785 0.136717 1.943283
-3.53996 -1.003386 0.39641
-3.641748 -0.91991 0.539057
-0.1262 -0.870716 5.129265
-0.812495 -2.582214 1.283132
-3.044789 -0.451293 5.129085
-2.7837 -3.605984 4.025812
-2.697033 1.452761 1.215203
-0.939921 1.572333 1.534906
-1.331448 -0.763162 5.616532
-1.50808 -1.528753 5.301354
-0.957633 -1.279976 0.103373
-1.178031 1.479261 1.329923
-1.149801 1.625238 3.967818
-3.404479 -3.419924 4.428187
0.502654 -0.144743 3.658691
-2.463986 -1.487431 6.544538
-1.740159 -1.83926 5.090009
-1.680262 -1.747095 5.131227
-1.757807 -1.920624 5.048357
-3.860074 0.737945 1.65511
0.467588 -1.51117 2.232366
-2.8062 0.022712 0.100209
-4.2877 0.403331 4.00205
-1.384887 -1.70209 0.155236
-2.197069 -3.507694 2.269712
-1.863306 -3.630482 2.780055
-0.553401 1.561191 1.907664
0.600389 -0.453605 3.275449
-1.779671 -2.76751 1.082294
-1.140028 -2.530105 0.983776
-1.377301 -1.773966 5.085841
-2.068225 0.703227 0.273466
-1.909727 1.140597 0.545301
-1.210225 -1.658179 0.144107
-0.202085 -1.198427 0.546932
-1.806453 -2.588174 4.817777
-4.005659 -1.355221 4.777866
-1.793066 0.104251 5.646212
0.590278 -1.127244 2.282271
-2.471602 -1.272589 6.009049
-2.282498 -2.027005 5.416759
-3.4984 1.301399 3.032321
-1.720502 -0.658836 5.607265
0.14915 0.648884 1.856423
-2.064535 1.326919 0.745152
-1.686638 -3.698596 3.199799
0.570216 -0.587968 2.246392
-3.306333 0.28738 5.083562
-1.977363 -1.434458 6.834483
-2.332439 -1.750012 6.48113
0.443741 -1.261116 4.560326
-3.145563 -0.069907 5.103211
-1.06988 1.637532 3.78167
-1.101971 1.482481 1.278693
-3.8252 -2.030116 1.0042
-1.859614 -1.544801 5.582035
-0.07417 1.16429 1.794219
-2.257298 -0.932133 -0.169849
-2.24733 -3.698255 3.576579
-0.667812 -2.81732 4.421913
0.055888 -2.359375 2.941656
0.128641 -2.170783 2.61605
-2.222703 1.493793 4.602747
-1.406292 -1.455444 5.242773
-2.375078 -1.658332 6.552597
-1.97421 -1.707478 6.433444
0.100877 -2.153316 2.452838
0.022359 0.982133 3.673668
-2.682904 -2.179486 5.040112
-1.716132 -0.17609 0.078674
-1.713519 -0.011994 0.112532
-1.463924 -0.0765 0.156792
0.228644 -1.789223 2.005751
-1.92893 -1.638536 6.435256
-0.377922 -0.377475 0.363379
-0.229926 -0.481339 0.439744
-0.248098 -0.535391 0.419916
-0.25239 1.095534 1.007969
-0.183001 1.073288 1.15313
-0.6901 1.166087 0.553108
-1.011985 0.677501 0.389824
-0.29215 0.693922 0.718541
-0.689368 0.455793 0.42785
-1.725378 0.390263 0.201762
-1.481684 0.198629 0.205204
-1.747079 0.201218 0.149088
-0.360082 0.061416 0.523692
-0.488049 -0.082201 0.394966
0.116262 -0.029201 1.229246
0.137607 -0.125709 1.118514
0.003536 -0.421085 0.700725
-0.138502 -0.449034 0.527688
-0.739514 -0.858749 0.210444
-0.561857 -0.895742 0.242516
-0.850322 -0.28184 0.276003
-0.638579 -0.256441 0.331398
-0.272271 -0.601677 0.394015
-0.229229 -0.747634 0.427382
-1.180886 1.329174 0.917221
-1.101091 1.299959 0.773909
-0.957552 1.473709 1.121058
-0.597717 1.469075 1.281958
-0.18363 1.215842 1.487989
-0.303339 1.23839 1.193198
0.076395 -0.248242 0.871056
-0.512954 0.246013 0.46613
0.024777 0.667946 1.415915
0.15462 0.386807 1.715554
0.18962 0.118665 1.565179
-1.024671 -0.875244 0.137823
-1.643325 -0.524507 0.041029
-1.716645 -0.116649 0.089307
-1.136649 -0.152098 0.225779
-1.012564 1.421807 0.99838
-0.264764 1.154298 1.105664
-1.382354 0.896548 0.400267
-1.660093 0.902398 0.386159
-1.398331 1.143635 0.678555
-1.91825 0.271634 0.148981
-1.94557 0.526944 0.222465
-1.923289 0.394371 0.185471
-0.370326 1.361315 1.375996
-1.15117 0.954309 0.40452
-1.215792 0.839421 0.370354
-0.034736 0.976547 1.426715
0.063829 0.823422 1.614273
0.091223 0.712286 1.665714
-0.044594 0.780444 1.239992
-0.371878 -0.812691 0.305751
-1.302696 -0.693534 0.098442
-1.513739 1.031652 0.525523
0.067391 0.80319 1.617844
-1.238178 0.042115 0.23181
-1.918834 -0.237089 0.019638
-1.94364 0.091068 0.082867
-1.798353 0.097185 0.117713
0.158301 0.268225 1.644127
-0.067546 -0.719049 0.603437
-0.041459 -0.663907 0.631214
-0.075225 -0.673722 0.592378
-0.036928 1.019987 1.48938
-0.022163 0.995341 1.495437
0.026168 0.941299 1.599377
-1.042532 0.191843 0.305425
-1.626736 0.58818 0.262734
-1.840512 -0.105219 0.064987
-0.081531 0.064826 0.914764
-0.354585 -0.272111 0.399848
-0.773247 -0.568006 0.249511
-0.443307 -0.460178 0.341469
-0.72405 1.378825 0.85815
-0.252388 0.414909 0.848001
-1.366607 -0.255916 0.152312
-0.752353 1.188441 0.559094
-0.388441 1.124818 0.802907
-0.445363 0.925651 0.576315
-1.594461 0.088312 0.159888
-1.331742 0.39047 0.269339
-0.726191 0.050116 0.359602
