-1.9304 0.7558 0.0195
-1.80464 1.876626 1.160366
-1.384238 1.508053 0.541236
-0.885 0.6192 5.3283
-1.008125 0.438558 5.312875
-0.888569 0.458472 5.325645
-1.524102 2.55654 4.628216
-1.641502 2.629804 4.302567
-1.741052 2.545723 4.582669
1.54306 -0.556782 0.756123
1.819087 -0.842252 1.224818
1.573005 -1.022236 0.890818
-0.311992 -2.47626 2.883751
-0.165872 -2.503448 3.123968
-0.3481 -2.50645 3.3086
-2.68225 -0.04245 1.6777
-2.657934 0.14095 1.649128
-2.638576 -0.010541 1.556167
0.05842 1.603424 0.312459
-0.079911 1.502345 0.197104
-0.102933 1.735517 0.400876
0.064843 3.024998 3.676584
-0.239319 3.005893 3.630555
-0.141394 2.994444 3.83852
-0.78757 0.183225 5.441658
-0.811073 0.309027 5.459431
-0.886182 0.232078 5.339473
0.101193 1.127967 5.234491
0.24285 0.98005 5.2197
0.123824 1.114621 5.155937
-2.956056 -0.2922 3.263115
-2.97148 -0.055547 3.376487
-2.957417 -0.099608 3.141612
-2.47212 1.933686 2.601712
-2.428138 2.028907 2.862888
-2.327119 2.087283 2.685523
2.441984 0.187778 2.749035
2.467361 0.319419 2.969887
2.542174 -0.146207 3.092866
-0.421096 -0.17594 5.316197
-0.277873 -0.272278 5.338788
-0.325762 -0.174331 5.397113
-1.017654 0.745725 0.012383
-0.687138 1.157583 0.031837
-0.426182 0.997672 0.011289
0.7823 -1.84845 0.93165
0.9555 -1.6644 0.73645
1.0865 -1.80355 1.13
2.176706 1.334886 2.81106
2.233044 1.112505 2.728694
2.047447 1.351387 2.492265
0.47865 2.444 1.82985
0.373996 2.532304 1.932751
0.589074 2.500059 2.132554
-1.610206 -2.066482 2.710466
-1.58225 -2.071568 2.468063
-1.481004 -2.156795 2.516659
-2.928816 -0.569945 3.597274
-2.946637 -0.430716 3.613331
-2.948202 -0.453639 3.442412
-0.887366 -1.448041 0.338001
-0.724548 -1.284254 0.231342
-0.726206 -1.580652 0.441723
-2.000847 -1.602324 1.687033
-2.19915 -1.41355 1.66145
-2.119117 -1.451813 1.531067
0.406028 0.643754 5.671069
0.381838 0.549867 5.831392
0.450082 0.49802 5.610885
0.432184 0.07909 5.506351
0.281575 0.028027 5.574163
0.415281 -0.024371 5.48235
-1.758059 2.199199 1.849744
-1.555176 2.268305 1.848769
-1.55345 2.18545 1.6633
-0.074377 2.998299 3.133055
0.218404 2.971311 3.064165
-0.091068 2.9292 2.797069
2.019181 -1.106406 5.102061
1.745157 -1.667249 4.888585
2.083544 -1.47588 4.709318
0.37025 -2.48565 3.41455
0.585313 -2.44725 3.610361
0.266881 -2.46967 3.785149
-2.939114 1.009631 3.426022
-2.951533 0.873709 3.51827
-2.918259 1.100824 3.872561
-2.601599 1.199544 4.882511
-2.441524 1.393465 5.086633
-2.662917 1.477629 4.689745
-0.421226 0.774231 5.618138
-0.529479 0.868874 5.554014
-0.6199 0.7365 5.5475
-0.638419 1.263795 5.237933
-0.728706 1.22189 5.298738
-0.539646 1.138721 5.23919
0.60784 0.779654 0.022388
0.704413 0.620655 0.055608
0.476255 0.539291 0.036409
1.79637 1.636943 2.250146
1.7081 1.7915 2.34635
1.794279 1.724168 2.394662
-1.491202 -1.507807 4.771809
-1.586551 -1.543918 4.634285
-1.456659 -1.833828 4.666183
-2.80846 -0.925528 3.280027
-2.8449 -0.856281 3.448393
-2.880455 -0.760559 3.302982
-2.641312 -1.157477 2.939048
-2.7386 -0.9853 2.781
-2.597181 -1.188262 2.752249
-2.72222 -0.918697 2.421134
-2.756347 -0.780135 2.249389
-2.649685 -1.007635 2.247791
-0.843954 2.541488 1.93829
-1.035648 2.444358 1.856426
-0.965233 2.508064 1.961306
-0.563768 2.183536 0.994254
-0.715319 2.190845 1.100891
-0.715538 2.252609 1.214218
-0.790243 2.814799 2.828224
-0.731244 2.796681 2.662343
-0.908154 2.736838 2.63274
-1.494127 2.641211 3.042996
-1.627874 2.618789 3.173629
-1.448801 2.679971 3.225674
0.466204 0.613257 5.515889
0.402547 0.772365 5.436808
0.271326 0.835098 5.604455
2.111229 1.378161 4.406811
1.854854 1.601743 4.546558
1.780939 1.217288 4.697284
-2.875634 0.276373 2.489537
-2.839866 0.42584 2.339515
-2.817079 0.288953 2.204998
-2.51295 1.8288 2.38895
-2.551022 1.719738 2.195255
-2.587014 1.708185 2.356435
-2.376668 -1.16477 1.557855
-2.411041 -1.186105 1.703873
-2.442815 -1.019502 1.482418
-1.169536 1.329623 0.322029
0.897975 -2.189739 1.916178
0.812367 -2.132562 1.665057
1.131199 -2.034017 1.729104
2.316722 -1.437294 3.5368
2.449178 -1.132354 3.32569
2.476499 -1.144219 3.63748
0.472775 0.241571 0.042052
0.669356 0.341178 0.056566
0.673286 0.039868 0.069376
-0.23507 0.307363 0.008069
-0.491575 -0.05976 0.005133
-0.57209 0.007149 0.005749
-0.324994 0.963326 5.509964
-0.284323 0.876185 5.580016
-0.17649 0.929219 5.54228
0.056078 1.026157 5.432775
-0.024563 0.98858 5.498455
0.152699 0.956989 5.445239
1.199714 2.254928 2.778307
1.360063 2.129902 2.719889
1.313392 2.122122 2.576785
0.795836 2.400946 4.343372
0.607647 2.271106 4.569174
0.73419 2.156202 4.524915
-0.232767 -0.238733 5.441652
-0.240771 -0.326437 5.332626
-0.148542 -0.313386 5.402668
-0.174848 -2.509706 3.771205
-0.152806 -2.4688 4.143491
-2.702848 1.399824 2.178545
-2.715023 1.416992 2.283375
-2.636392 1.574846 2.242994
-2.52477 0.079352 1.334437
-2.672002 0.538965 1.63027
-2.638677 1.17386 1.534428
0.196997 0.561912 6.316898
0.235538 0.770264 6.214758
0.120532 0.657603 6.444764
-0.366637 0.755784 6.220989
-0.406248 0.827882 6.285506
-0.364986 0.892077 6.274251
-1.432715 -2.219367 3.947554
-1.29469 -2.29471 4.236488
-1.505053 -2.084706 4.192547
-2.005219 -1.705323 2.704173
-1.920805 -1.785006 2.885849
-2.091879 -1.642378 2.861722
0.647836 -0.121736 5.322701
0.692319 0.00802 5.314308
0.589618 0.051491 5.355607
0.722987 0.456274 5.139213
0.76685 0.317428 5.171412
0.940374 0.489523 5.082283
1.340572 1.489379 1.159775
1.258875 1.6821 1.35302
1.5323 1.6916 1.8191
0.515569 2.252702 1.489377
0.280778 2.400047 1.555163
0.13275 -1.7426 0.6693
0.398353 -1.874429 0.874535
0.197451 -1.948228 1.018279
-1.4149 -2.097175 1.754299
-1.20666 -2.212936 1.89082
-1.507888 -2.089528 1.976728
-0.21286 -0.480615 0.001403
-0.114194 -0.522398 0.000855
-0.276163 -0.637569 0.002129
-0.386886 -1.358644 0.30056
-0.369302 -1.525803 0.435035
-0.542934 -1.352454 0.282951
0.039149 1.344995 5.036917
0.047266 1.20726 5.121116
0.136941 1.214622 5.046248
-0.58176 1.335507 5.191167
-0.479832 1.304477 5.16021
-0.685576 1.830959 5.049891
1.302676 2.230816 3.065203
1.312325 2.237905 3.314276
1.4065 2.18415 3.12425
2.270699 1.506848 3.994533
2.14725 1.780048 3.753798
1.993038 1.825011 4.248907
0.036007 -0.118464 5.581526
0.09822 -0.188415 5.499235
0.124283 -0.115677 5.54924
-0.18505 0.03635 5.7448
-0.260772 0.171782 5.931138
-0.411319 0.170069 5.689362
-2.41875 0.3284 4.8996
-2.549546 0.264753 4.776584
-2.347019 0.071721 4.995803
-2.950442 0.865315 3.364502
-2.957503 0.762789 3.44967
-2.826371 -0.597057 2.364574
-2.795218 -0.796426 2.512297
-2.918243 -0.406163 2.861109
-2.907915 -0.331998 2.723253
-2.888744 -0.568349 2.777089
-2.807024 1.202451 2.425399
-2.807385 1.090073 2.238436
-2.838613 1.086105 2.447704
-2.897372 1.171506 3.250328
-2.796674 1.500296 3.629875
-2.845486 1.360211 3.358163
-0.618163 0.77603 5.54163
-0.93418 0.73104 5.339656
-0.835737 0.653158 5.345202
-0.842889 0.72234 5.364972
-2.6521 -0.4591 4.7033
-2.747042 -0.222928 4.549801
-2.793241 -0.537363 4.370134
-2.24169 -1.277559 4.525545
-2.442088 -1.120048 4.563276
-2.193319 -1.377476 4.289156
0.2381 2.895816 2.769723
0.178687 2.861347 2.604746
1.06932 2.415961 3.478435
1.161429 2.322481 3.108476
1.758064 1.126245 1.561436
1.471198 1.010556 0.92345
1.578275 1.32578 1.386058
2.216704 -0.584376 1.970632
1.8717 -0.2377 1.26565
2.086703 0.253707 1.761825
-2.577773 1.873393 3.846997
-2.440455 2.060643 3.728953
-2.559928 1.917835 3.597683
-1.702165 2.650202 3.817582
-1.869072 2.585216 3.733354
-1.844575 2.60297 3.854183
-1.859622 2.493556 3.010494
-1.716622 2.516585 2.815806
-1.827379 2.439667 2.693923
-1.9352 2.182115 2.010854
-1.862755 2.265307 2.153568
-1.739335 2.262535 1.999812
0.235647 -1.282474 5.210133
0.291788 -0.950986 5.241691
0.043643 -1.099875 5.238034
1.147299 -0.636084 5.349293
0.766558 -0.406193 5.321212
1.019349 -0.695329 5.334674
-2.239827 -0.822433 0.846162
-2.381721 -0.806093 1.08743
-2.337769 -0.716936 0.935858
-1.148731 -1.140896 0.231218
-1.189445 -1.291103 0.297939
-1.41534 -1.116355 0.284984
0.66315 0.6754 5.2032
0.563332 0.714727 5.299784
0.630474 0.595271 5.300047
0.798074 1.017422 4.982001
0.965261 1.33031 4.882865
0.770683 1.143336 4.95605
0.945872 1.308109 0.477067
0.756621 1.30567 0.319455
0.731043 1.477454 0.478323
-0.121682 2.101977 0.84192
-0.244226 2.266133 1.078046
0.002186 2.221757 1.067167
-0.173688 2.744484 2.15349
0.1515 2.72735 2.20475
-0.040937 2.706965 2.073624
-0.873555 2.459229 1.763961
-0.686014 2.53884 1.81608
-0.723582 2.476349 1.692504
-0.856443 2.784713 3.944337
-1.016541 2.773732 3.782009
-0.974714 2.713058 4.085407
-0.080931 1.777541 4.927742
-0.043406 2.069724 4.837285
-0.299285 1.774301 4.971595
-2.145867 -1.603178 3.102841
-1.999528 -1.71513 3.125904
-2.129578 -1.611099 3.312657
-2.610096 -1.216685 3.518183
-2.557337 -1.266029 3.369297
-2.414047 -1.384877 3.537703
-2.29505 2.0507 4.5692
-2.280597 2.150191 4.344427
-2.439965 1.972443 4.30895
-2.28814 2.200709 4.08222
-0.444951 1.172348 6.59396
-0.471552 1.123897 6.423167
-0.594995 1.042811 6.584964
-0.516771 0.625801 6.503521
-0.265 0.41725 6.47155
-0.468478 0.657295 6.641057
-1.417481 -1.419272 4.874559
-1.270147 -1.685966 5.010662
0.216362 -1.772512 5.073458
0.388249 -2.08615 4.748466
0.634084 -1.831592 4.932972
2.55599 -0.003783 3.622122
2.619651 -0.50187 3.644723
2.603057 -0.495104 3.308515
1.739725 0.653825 4.814103
1.839613 0.373318 4.802486
2.102444 0.670274 4.554836
-1.465929 -1.755454 0.85891
-1.2378 -1.9092 0.9522
-1.362962 -1.929254 1.090691
-1.0833 -2.23645 1.86925
-0.8507 -2.1944 1.5073
-0.7907 -2.253807 1.731491
-0.181953 -2.435273 2.48716
-0.110908 -2.382735 2.186253
0.053043 -2.440639 2.521231
-0.28038 -2.269511 1.72123
-0.485493 -2.320057 1.944874
-0.612119 -2.246899 1.668035
0.95477 -2.394008 3.635068
0.588403 -2.46273 3.353559
1.484802 -2.036083 2.412028
1.71307 -1.838667 2.274062
1.74055 -1.946449 2.758486
-2.888726 0.508305 2.560132
-2.933574 0.447334 2.812191
-2.920646 0.612587 2.731229
-2.937987 0.577698 2.898252
-2.95004 0.386677 2.988021
-2.9512 0.525651 3.06722
-0.392909 0.431696 6.33717
-0.177396 0.126468 5.925549
-0.221152 0.198742 6.067782
-2.37381 -0.444173 4.998411
-2.661772 -0.746081 4.562159
-2.344345 -0.778973 4.934626
-0.959231 -0.023495 5.253913
-0.822567 0.143615 5.345754
-0.958479 0.102908 5.282282
-1.339634 1.786129 0.883687
-0.887489 2.255034 1.339258
-0.986094 2.264096 1.437357
-0.809217 2.317396 1.400204
2.312755 -0.088953 2.196155
2.367719 -0.492581 2.339584
2.010127 -1.647253 2.601388
2.321185 -1.259403 2.953832
2.097077 -1.641538 2.944575
0.123601 0.813333 6.417326
0.097937 0.90723 6.389795
-0.011749 0.856537 6.575193
-0.16899 0.754202 5.971301
-0.157601 0.742562 5.825816
-0.229473 0.683705 5.784904
-1.368249 2.51745 2.375379
-1.509083 2.493791 2.454252
-1.401752 2.56581 2.576195
-0.897536 2.681734 2.409767
-1.081925 2.638177 2.46591
0.409105 2.785851 2.620024
0.388484 2.846881 2.78568
0.570459 2.768559 2.810383
0.974291 2.356553 2.554597
0.732817 2.463676 2.319961
0.776964 2.52523 2.577812
-0.753353 2.878798 3.6005
-0.853576 2.851777 3.341789
-1.27368 2.729983 3.239546
-1.397541 2.663455 3.004772
-2.114094 -1.618643 2.692729
-2.048684 -1.660991 2.4696
-1.882584 -1.767821 2.030503
-1.982778 -1.665101 1.956183
-1.809922 -1.803159 1.836891
0.44805 0.831369 0.016161
0.296834 0.532742 0.020405
0.282515 0.802931 0.012025
-0.134698 0.18716 0.00699
-0.5404 -0.23525 0.0051
-0.5404 -0.23525 0.0051
-2.761372 1.117581 2.023784
-2.712887 1.228222 1.932013
-2.753419 1.089844 1.943793
-2.766624 0.336867 2.035217
-2.802289 0.481767 2.155921
-2.763371 0.485834 1.998173
-2.460808 -0.675197 1.149319
-2.513531 -0.655273 1.257368
-2.507953 -0.555201 1.209382
-2.605787 -0.372798 1.423505
-2.639884 -0.487629 1.549451
-2.670862 -0.291354 1.591629
0.601361 -2.230808 1.807566
-0.115407 -1.923595 0.950382
0.040121 -2.014794 1.133528
-0.099277 -2.078271 1.239211
0.653023 1.952799 4.654544
0.456252 2.137809 4.694549
0.39404 1.874722 4.807806
0.555573 1.061141 5.001498
0.694129 1.274835 4.919731
0.44515 1.2294 4.9615
-0.725223 -2.479331 3.384048
-0.85098 -2.468598 3.828501
-1.065801 -2.420302 3.684702
-1.326265 -2.269333 2.715379
-1.200835 -2.333634 2.906061
-1.506343 -2.166586 2.938045
-1.340865 0.619412 5.291028
-1.417678 0.560644 5.276007
-1.2146 0.33625 5.26435
-2.199284 1.201164 5.279778
-2.262109 1.019782 5.157955
-1.991654 0.972941 5.297747
-1.598115 -1.676169 0.880958
-1.544279 -1.834683 1.092812
-1.69003 -1.680767 1.044168
-1.55524 -1.303356 0.455171
-1.672726 -1.201877 0.477918
-1.611231 -1.111115 0.381345
-0.221554 2.781283 2.277678
-0.2665 2.868 2.5589
-0.030868 2.810312 2.37168
-0.964827 2.556061 2.088085
-0.759771 2.626778 2.1079
0.134139 1.024818 5.355585
0.712767 0.871607 0.085607
0.809861 0.739276 0.108386
1.713979 0.825559 1.260974
0.527792 2.895836 3.224234
0.708767 2.747757 3.124764
0.460242 2.857935 2.939102
0.502761 2.899565 3.941534
0.697023 2.714391 4.127987
0.753302 2.777519 3.775457
-0.704849 0.989872 5.369936
-0.649736 0.982207 5.440894
-0.615156 1.000065 5.39205
-1.86117 1.086485 5.383231
-1.703959 0.864905 5.319195
-1.409417 0.968603 5.376661
2.463027 -1.138919 4.121682
2.175 -1.664 3.7034
0.75029 0.187892 5.229321
0.840544 0.04311 5.275171
1.030125 0.137034 5.191728
-0.465389 -0.036062 5.427628
-0.2639 -0.02255 5.6231
-0.46781 0.137903 5.619473
-0.37826 0.039809 5.584966
0.018184 1.367324 0.113326
0.1425 1.3998 0.1574
0.399517 1.41464 0.259012
0.441152 1.546569 0.405991
0.540832 1.465415 0.368765
-2.217588 2.066427 2.263417
-2.089563 2.106931 2.092551
-2.269145 1.985736 2.116846
-2.308202 1.687271 1.428573
-2.90851 -0.357193 4.005637
-2.934665 -0.462506 3.759376
-2.896028 -0.610684 3.89484
-2.907116 0.037573 4.060812
-2.843018 0.364304 4.194674
-2.901465 0.204383 4.040838
0.207438 2.617206 4.503323
0.372207 2.83907 4.193016
0.042812 2.924039 4.119119
-0.37581 2.362918 4.723059
-0.099915 2.356204 4.719823
-0.304824 2.582081 4.549474
-1.784391 -1.856145 3.743716
-1.759981 -1.813614 3.982626
-1.887319 -1.732186 3.807308
-1.954318 -1.404701 4.487747
1.554821 1.975285 2.50928
1.268484 2.054919 2.237022
1.077977 2.012179 1.808349
1.258481 1.86509 1.740205
0.998528 1.93674 1.517905
1.326887 -0.955291 5.349903
0.755233 -1.61332 5.082462
0.672318 -1.425445 5.177892
-1.841291 2.583128 4.245901
-1.986546 2.493019 4.202388
-1.948225 2.464938 4.453978
-1.790797 1.860076 5.313188
-1.837591 2.173501 5.035081
-2.064429 2.029697 4.968076
-0.224361 2.456554 1.444663
-0.067934 2.351754 1.271222
-0.381973 2.438465 1.424562
-0.290835 2.566119 1.70154
-0.219697 2.499027 1.537102
-0.40522 2.501783 1.571525
0.409192 -0.378967 0.002831
0.055538 -0.496193 0.001459
0.174469 -0.240467 0.002309
-0.112453 -1.7555 0.714437
-0.145352 -1.510061 0.434687
-2.743178 1.276124 4.63072
-2.762003 1.404314 4.470001
-2.7255 0.5765 4.4628
-2.798475 0.534151 4.305321
-2.737529 0.414862 4.461359
-0.341543 -1.230212 5.223766
-0.309161 -0.903512 5.244867
-0.709028 -1.026587 5.226907
-1.002326 -0.807068 5.177347
-1.03789 -0.643691 5.171628
-0.9641 -0.994266 5.200325
-0.359828 0.657247 0.011101
-0.288363 0.460691 0.009397
-0.728643 0.231487 0.007849
0.061997 1.062389 0.005347
0.161387 1.106639 0.004192
0.152104 0.905539 0.008376
-2.352204 -1.430803 2.718573
-2.379965 -1.395452 2.594468
-2.266919 -1.487214 2.530213
-2.554076 -1.107914 2.092998
-2.6143 -1.063565 2.234124
-2.609945 -1.018126 2.08125
-1.337484 -2.293118 3.115673
-1.081237 -2.385875 3.158673
-1.124404 -2.387166 3.35619
-1.738614 -1.941657 3.505782
-1.948809 -1.725969 3.560576
-1.891694 -1.811204 3.293376
-2.190318 2.229338 2.835631
-2.038182 2.394417 3.12921
-2.01027 2.326872 2.694903
-2.134004 2.387458 3.758075
-2.000208 2.502125 3.967921
1.89596 -1.939949 3.784776
2.003473 -1.843833 3.560903
-2.343099 -1.018485 1.218197
-2.285907 -1.207604 1.387402
-1.791913 -1.52527 0.945266
-1.765776 -1.386441 0.728332
-1.641527 -1.524182 0.730861
0.901474 -2.400931 2.988181
1.219151 -2.265871 2.773283
1.482658 -2.208494 3.223071
0.14836 -2.371097 2.148592
0.336653 -2.427688 2.487103
0.201502 -0.135303 5.499056
0.498766 -0.464395 5.309062
0.845588 -0.734394 5.304618
0.497556 -0.339544 5.317381
1.582388 -0.296688 0.840223
1.172376 0.496493 0.373747
1.373364 0.31074 0.594203
1.188446 0.27121 0.394816
-2.74333 -0.63202 1.981292
-2.788935 -0.514082 2.121464
-2.7391 -0.327922 1.859682
-2.715519 0.295328 1.849153
-2.72554 0.180966 1.84704
-2.754689 0.260889 1.974345
-0.344812 0.888861 6.752131
-0.435797 0.881423 6.74549
-0.364418 0.849749 6.739611
-0.107499 0.466973 6.496528
0.006462 0.600291 6.528328
-0.139187 0.686476 6.638843
0.737461 0.650202 5.092485
0.708068 0.568355 5.147132
0.8318 0.61485 5.07085
1.557112 1.44603 4.728436
1.381119 1.210905 4.829997
-2.751496 1.589565 3.515786
-2.540042 1.809309 2.456151
-0.182432 1.120335 6.46115
-0.31377 1.177358 6.522738
-0.190246 1.107115 6.6118
-0.1938 0.98665 6.2286
-0.059887 0.920616 6.092712
-0.140219 0.851373 6.081606
-1.214158 2.411829 1.923755
-1.042538 2.498073 2.007685
-1.259746 2.60533 2.551053
-1.179419 2.583289 2.387767
-0.451262 -2.016966 1.040434
-0.25602 -1.950878 0.96916
-0.259044 -2.080935 1.217483
-0.950914 -1.906931 0.843273
-0.787602 -1.730344 0.583954
-0.759045 -1.961635 0.912336
-1.23845 -0.76305 0.1454
-1.510317 -0.731633 0.199322
-1.337028 -0.58256 0.12762
-1.420518 -0.419129 0.117271
-0.71836 0.694786 5.468562
-0.668376 0.704774 5.521438
-0.677975 0.743151 5.508369
-0.361861 0.490758 5.781358
-0.475748 0.572704 5.656776
-0.510664 0.443505 5.654032
0.497473 0.753311 5.324828
0.486927 0.700157 5.403011
0.340075 0.902102 5.220664
0.204121 1.010031 5.273701
0.378967 0.855657 5.268991
-0.906838 -1.02466 0.141913
-1.1285 -0.973707 0.179762
-0.391278 -0.654922 0.008557
-0.265623 -0.89435 0.006876
-0.511194 -0.94883 0.056291
0.095574 1.090136 5.312687
-0.003253 1.161457 5.313749
0.010625 1.09051 5.38288
-0.042683 1.558015 4.979167
-0.142144 1.358075 5.073606
-0.063356 1.272061 5.124005
-2.829883 -0.859901 3.11903
-2.904065 -0.554676 2.9046
-2.925226 -0.468383 2.987777
-2.859339 -0.503657 4.190085
-2.226137 -1.433213 4.033464
-2.449853 -1.256671 4.223602
-2.53497 -1.24957 3.930323
-0.244611 1.145362 5.35369
-0.297948 1.164211 5.304075
-0.385396 1.115105 5.3449
-0.387 0.92045 5.54625
-2.3928 -1.3389 2.2022
-2.269373 -1.478644 2.439929
-2.418953 -1.340918 2.429982
-2.24181 -1.416839 1.852553
-2.367676 -1.286564 1.866395
-2.296509 -1.298715 1.637138
0.930029 -2.066368 4.641448
0.594144 -2.289307 4.271036
0.649197 -2.364132 4.024759
1.035773 -2.335487 3.968527
0.97794 -2.256189 4.264334
1.291259 2.08404 2.364869
1.23075 2.27355 3.0064
2.049758 1.52099 2.711178
1.005774 -0.335949 0.236673
1.311919 -0.31689 0.516845
1.348117 -0.82823 0.482423
0.714179 -1.690912 0.603298
-1.255035 -0.103561 5.206854
-1.381517 -0.480304 5.152137
-1.0586 -0.0703 5.2366
-1.153144 -0.822884 5.132301
0.666776 0.330885 5.218438
0.452245 0.328192 5.577914
0.50472 0.349871 5.500797
-2.83822 0.780037 2.23646
-2.816304 0.784833 2.127442
-2.817873 0.665098 2.152278
-2.877988 0.828809 2.489212
-2.8687 0.64865 2.38975
0.684329 1.987361 1.197499
0.675501 1.834253 0.93624
0.556117 1.957528 1.011068
0.414443 1.705614 0.578533
0.430105 1.885555 0.804814
0.55997 1.76532 0.739922
0.024747 0.909005 5.595152
0.131349 0.862071 5.839635
0.161307 0.895679 6.0915
0.208736 0.850931 5.897035
-1.116308 0.91476 5.362012
-0.9578 1.06105 5.39955
-1.330389 1.094601 5.411729
-1.313347 1.748296 5.415681
-1.007236 1.505154 5.384929
-1.19463 1.917879 5.31671
0.121493 -0.652768 5.269096
0.285827 -0.563479 5.286683
-0.014103 -0.477965 5.293478
-0.1694 -0.67175 5.2797
-0.001341 -0.644243 5.270884
-2.624348 0.12041 1.562127
-2.720665 0.385843 1.874462
-0.335005 -2.378239 2.189048
-0.536146 -2.359426 2.134372
-1.412297 -2.167886 2.163679
2.508647 -0.382777 4.342718
2.455299 0.083714 4.061685
2.193457 0.197424 4.529908
2.360786 -0.333855 4.611494
2.082395 -0.375084 4.967277
2.379123 -0.798801 4.709227
-2.9668 0.1293 3.1154
-2.96595 0.0135 3.16735
-2.925693 0.268335 3.880784
-2.880313 0.396935 4.030029
-2.919951 0.412127 3.831211
-2.032213 2.17348 2.164399
-2.18931 2.156808 2.519601
0.487104 0.168056 5.481374
0.405779 0.222424 5.586825
0.3472 0.112315 5.578974
0.097374 -0.045557 5.620687
0.105389 0.093468 5.812986
0.005617 -0.000294 5.726877
-1.198584 0.102689 5.235892
-1.563828 0.457469 5.242002
-1.459308 0.1731 5.220149
-1.209 0.1911 5.2437
2.018259 -1.354125 2.089051
2.187561 -1.324736 2.557972
1.975936 -1.570706 2.310124
1.683554 -1.267283 1.26593
-0.632425 2.735279 2.32929
-0.682751 2.671463 2.178412
-0.754283 2.675906 2.243953
-0.431028 2.924713 2.924663
-0.322231 2.908628 2.769829
-0.536579 2.856577 2.709797
-0.681049 0.433872 5.538613
-0.597267 0.379673 5.582983
-0.632994 0.529259 5.561102
-0.680253 0.202504 5.519925
-0.57451 0.224566 5.575587
-0.661003 0.313357 5.549404
-0.202116 1.010023 6.70151
-0.181218 0.958155 6.706769
-0.129604 1.018707 6.633971
-0.252476 0.865961 6.737228
-0.301529 0.910202 6.756474
-0.316619 0.87034 6.743325
1.297971 1.942172 4.361975
1.534594 1.727653 4.60409
1.645376 1.869381 4.437456
-1.6844 -1.841629 1.435715
-1.747884 -1.708522 1.227329
-1.5657 -2.0177 1.77505
-0.608344 2.922042 3.324939
-0.404676 2.943966 3.023478
-0.250248 2.984822 3.117335
-0.25454 2.952124 2.918291
-0.520121 2.117438 0.87069
-0.640591 2.055504 0.829042
-0.724869 2.115556 0.981317
-0.48733 1.552311 0.213308
2.217872 1.046252 2.605772
2.254459 0.82114 2.519983
2.078928 1.18603 2.38271
1.880313 0.908073 1.662401
2.059455 0.802492 1.996576
1.971896 0.683676 1.710916
-0.335259 0.670782 5.701405
-0.324656 0.565845 5.792296
-0.2502 0.7223 6.05375
-0.319794 0.690426 6.121476
-0.257487 0.826164 6.157954
-1.051857 2.210381 1.383563
-1.104432 2.243737 1.48827
-1.217812 2.350235 1.78779
1.481221 -0.677522 5.415121
1.684177 -0.512142 5.298527
1.451181 -0.422598 5.348207
1.08546 -0.055144 5.267805
1.442191 -0.170134 5.243491
-2.30785 -0.138354 0.825096
-2.571237 -0.556017 1.379507
-2.554331 -0.412116 1.295751
-0.637867 -0.475398 0.015177
-0.760308 -0.490302 0.025464
-0.733 -0.4749 0.0192
-0.428589 -0.40607 0.003585
-0.5404 -0.23525 0.0051
-0.161155 -2.394066 4.453312
-0.460817 -2.459488 4.292973
-1.407984 -2.109311 4.443629
-2.366976 -1.429438 3.290452
-2.676117 -1.119985 3.106968
-2.766867 -0.992114 3.191824
-2.729201 -1.033995 3.016395
-0.448704 -2.220156 1.553018
-0.224665 -2.180914 1.452637
0.322471 -2.356743 2.119375
0.478785 -2.325021 2.065832
0.505338 -2.396451 2.398055
0.843949 -1.0675 0.049629
1.044855 -0.717075 0.132092
1.146137 -1.280611 0.472292
0.456531 -0.646058 0.004321
0.741796 -0.377928 0.0303
-2.847615 -0.13067 2.28206
-2.822397 0.001545 2.149259
-2.79081 -0.1709 2.00348
-2.925333 -0.195943 2.791337
-2.912147 -0.102296 2.655142
-2.729187 1.491374 2.591676
-2.77286 1.441988 2.802875
-2.718638 1.547609 2.722211
-2.82165 1.2632 2.6618
-2.78495 1.3057 2.49745
-2.829262 1.205338 2.588098
-1.846128 0.734124 5.228887
-2.012028 0.718206 5.169289
-1.911671 0.532348 5.17163
-2.553263 0.437992 4.742189
-2.598161 0.568879 4.663783
2.323472 1.142166 3.055099
2.483608 0.439058 3.175424
-1.223452 -1.312328 5.056815
-0.71808 -1.262755 5.227291
1.143822 2.261625 2.646747
1.1213 2.2252 2.4896
0.734732 2.257946 1.823374
0.840407 2.066027 1.568985
-2.114895 -0.819371 0.68056
-1.956744 -0.971655 0.599389
-2.206998 -0.929089 0.880279
-2.282174 -0.967537 1.050007
-2.092445 -1.048104 0.821878
-2.105131 -1.129621 0.915706
-0.753485 0.900759 5.441269
-0.832604 0.988638 5.39181
-0.831051 0.891164 5.412229
-0.705951 0.785275 5.482614
-0.770584 0.798776 5.428686
-0.769279 0.697854 5.412342
-1.566103 -0.569778 5.134689
-1.73245 -0.404275 5.139796
-1.838476 -0.403437 5.130062
-1.182123 -1.085196 5.095378
-1.472231 -0.731903 5.112082
-1.423418 -1.053843 5.014499
-1.079619 2.75993 3.044292
-1.085617 2.718646 2.791775
-1.252005 2.683552 2.874972
-0.765222 2.422823 4.649793
-0.582545 2.544335 4.540027
-0.801251 2.718691 4.185152
-1.141991 2.261281 4.953421
-1.04141 2.421975 4.689088
-1.131024 2.572712 4.438813
-2.30945 1.903449 1.965063
-2.107353 2.037045 1.929235
-2.301237 1.872074 1.858044
-2.646744 1.432245 1.940133
-2.700868 1.350774 2.063819
-2.617652 1.540155 2.030742
-1.669999 2.410285 2.356136
-1.473232 2.460432 2.301142
-1.70532 2.350321 2.204067
-1.383134 2.283423 1.753528
-1.482515 2.295105 1.858237
-1.403467 2.354928 1.941309
-0.5143 1.0767 6.7689
-0.606316 0.896749 6.70578
-0.467295 0.785643 6.333725
-0.397856 0.614568 6.20294
-0.6323 0.8071 6.5889
0.624366 1.25838 0.21092
0.530559 1.292581 0.195095
0.314301 1.080642 0.017886
-2.757705 0.979124 4.502074
-2.74415 0.78135 4.4541
-2.678228 0.786341 4.577704
-2.881151 0.566895 4.027945
-2.911232 0.603238 3.884201
2.278667 1.517437 3.594051
1.992939 1.736141 2.893544
1.965611 1.847201 3.048243
2.163239 1.601266 3.188631
1.472121 -2.109358 2.637263
1.559628 -2.100824 2.94319
0.769906 -2.300388 2.182337
-2.891325 0.62329 2.525764
-2.91914 0.706913 2.778509
-2.879839 1.016265 2.705153
-2.883218 1.101846 2.871293
0.807069 2.598964 2.900285
0.847036 2.619716 3.153474
0.959467 2.496308 3.074756
0.988988 2.394914 2.722514
0.778844 2.567675 2.706473
0.545728 2.92877 3.738141
0.705205 2.81778 3.426394
0.953584 2.534451 3.312249
-2.690492 1.586673 4.384454
-2.759915 1.5436 4.132139
-2.811953 1.381927 4.314487
-2.52727 1.931014 3.964956
-2.493706 1.944541 4.153322
-2.437859 2.063793 3.907766
-0.045593 1.224144 5.251597
0.030608 1.196881 5.195801
1.067554 1.934399 4.387249
1.190797 1.784115 4.555776
0.8534 1.3513 4.87955
-0.656022 -2.466078 3.032034
-0.864715 -2.437344 3.105127
-0.330227 1.409639 5.088257
-0.414362 1.362588 5.122209
-0.320764 1.267744 5.120099
-0.331092 1.170383 5.172985
-0.182665 -0.157056 5.529705
-0.222344 -0.080914 5.583882
-0.310206 -0.111418 5.488631
-0.040781 -0.068746 5.638
-1.841301 -1.592022 1.174094
-2.143704 -1.224955 1.127701
-2.701461 1.639799 2.941581
-2.742111 1.567047 3.044763
-2.643981 1.788368 3.24259
-2.556664 1.917947 3.211186
-2.613672 1.797167 2.964766
-0.702457 -2.338522 2.098819
-0.599027 -2.379659 2.285695
-0.954474 -2.332215 2.315248
-0.775599 -2.384851 2.470726
-0.7979 -2.4133 2.73285
-0.9134 -2.3707 2.51835
1.702647 1.847245 2.461806
1.683104 1.954246 2.679386
1.747884 1.931264 2.744765
1.798052 1.808022 2.563736
1.368865 0.132621 5.103822
1.496062 0.20877 5.026205
1.395151 0.398441 4.997766
1.195014 0.29154 5.08741
0.655987 0.24524 5.2517
0.599425 0.226802 5.355895
0.643931 0.148268 5.303558
0.485999 0.261692 5.514184
-2.1105 2.3484 3.1415
-2.103336 2.384623 3.361936
-2.462826 2.044321 3.413162
0.283614 -1.283059 0.011331
0.167327 -0.816508 0.002713
0.507922 -1.119456 0.014612
-0.24881 -1.114651 0.056452
-0.406612 -1.050204 0.074264
0.030368 0.825497 0.011278
-0.5404 -0.23525 0.0051
-2.718103 -0.478321 1.800836
-2.686084 -0.637337 1.756881
-2.59377 -0.901583 1.740708
-2.544566 -0.927513 1.603959
-2.504297 -1.034668 1.677759
-1.711489 2.631686 3.483124
-1.691578 2.649267 3.644549
-1.507755 2.694427 3.601622
-1.328332 2.708876 3.910631
-1.56524 2.664845 4.116435
-1.36558 2.65358 4.237944
1.308407 -1.786854 1.409552
1.252818 -1.615963 1.008971
1.533275 -1.664097 1.5038
1.520947 -1.945054 2.175084
1.508268 -1.806561 1.760459
-0.727754 0.557227 5.49351
-0.870003 0.537569 5.326012
-0.812316 0.480601 5.375331
1.309196 -0.000977 0.544858
1.113656 -0.054256 0.367924
-1.677488 2.191209 1.754983
-1.831602 2.134568 1.765743
-2.157107 1.950057 1.786571
-2.961009 0.390153 3.164684
-2.9668 0.1293 3.1154
-2.922503 0.157076 2.715647
-2.909095 0.064541 2.607248
-2.938277 -0.006441 2.825004
-2.82088 0.929275 2.200462
-2.835303 0.991807 2.335375
-2.769157 0.982906 1.945833
-2.788273 0.974637 2.039779
-2.694659 0.343365 1.790285
-2.71471 0.49775 1.82406
-2.707497 0.558571 1.767936
-2.792035 0.731459 2.016443
-2.795584 0.85693 2.025725
-2.762251 0.794478 1.908034
-0.342621 0.283972 5.852906
-0.335941 0.444873 5.858623
-0.406994 0.489436 6.234931
-0.509966 0.649658 6.391294
0.567052 0.635916 5.364514
0.61331 0.38016 5.354146
0.652712 0.465944 5.276896
0.565875 0.452126 5.409719
0.42735 -0.2065 0.0032
0.3462 0.001889 0.003407
0.082851 0.008576 0.00356
-0.160896 -0.171028 0.003983
0.053519 0.13544 0.005702
-1.915379 -0.563452 0.373938
-2.147293 -0.659689 0.638518
-1.820409 -1.006177 0.48407
-1.847197 -0.921074 0.458167
-1.747475 -0.976277 0.410734
-1.702092 -1.954757 3.716097
-1.567887 -2.077452 3.910159
-1.649827 -1.904112 4.119517
-1.53812 -2.150506 3.172727
-1.47849 -2.204813 3.459606
-1.717172 -1.983473 3.241662
-2.514442 1.571014 4.888268
-1.531975 1.942184 5.342424
-1.448082 1.684503 5.459528
-2.727491 -1.0625 3.380677
-2.789504 -0.958594 3.587328
-2.800217 -0.801204 4.122976
-2.81737 -0.89025 3.797832
-2.876896 -0.539807 2.621413
-2.835859 -0.694997 2.578682
2.57262 -0.764812 3.348656
2.242009 -1.038318 2.359372
-0.758239 0.212526 5.489007
-0.8103 0.2948 5.4696
-0.798077 -0.021475 5.274515
-0.627242 0.030817 5.360209
-0.692781 0.03982 5.340635
-2.373553 -1.392139 3.735122
0.125648 3.025304 3.386245
0.382491 2.992045 3.509003
-1.046561 2.177258 1.313579
-0.969878 2.137758 1.187753
-1.057794 2.066321 1.139634
-0.842218 2.042724 0.943269
-2.807684 -0.328557 2.157741
-2.70325 -0.100753 1.729145
-2.646364 -0.131524 1.55071
-1.495767 2.111367 1.471631
-1.32092 2.131312 1.415471
-1.454736 2.250765 1.73
-1.57461 0.735627 5.293025
-1.597093 0.64158 5.266369
-1.402914 0.857472 5.343313
-1.14123 0.806803 5.339211
0.362617 -2.165483 1.509042
0.286288 -2.240892 1.713566
0.035369 -2.190634 1.51681
-0.042754 -2.237319 1.641942
0.250137 -2.311302 1.931383
0.0324 0.9748 6.2049
-0.09785 1.06975 6.37455
-0.016165 1.022777 6.358555
-2.1783 -1.526484 2.182572
-1.819926 -1.832178 2.1084
-1.995658 -1.693776 2.33371
-1.992738 -1.683604 2.1709
-1.817083 -1.881201 2.924943
-1.751604 -1.941401 2.72734
-1.684244 -2.007153 2.923023
-1.82155 -1.8824 3.25755
-1.861358 -1.84204 3.065346
-1.739371 -1.958768 3.11694
-2.522297 -1.282558 2.852996
0.412208 1.567918 4.880939
0.388785 1.28305 4.957823
0.614459 1.548492 4.808058
0.128995 1.107398 5.098764
0.236013 2.502603 1.743298
-0.004804 2.651985 1.943907
-0.041441 2.567968 1.720809
-0.180016 2.624681 1.835456
-0.583485 2.907743 3.720732
-0.49874 2.952559 3.520489
-0.020157 2.581012 4.566047
-0.336633 2.843537 4.195178
0.164846 -0.248437 5.426515
0.183142 -0.397975 5.307317
0.066265 -0.39782 5.311434
1.049598 -1.231362 5.291495
1.195795 -1.491573 5.20233
0.245632 0.461056 6.167226
0.228935 0.293435 5.983423
0.291674 0.445814 6.041965
0.16833 0.212976 5.934189
0.249 0.03265 5.60495
0.274011 0.243813 5.799744
0.506235 2.676466 2.452388
0.54075 2.70995 2.5758
0.6762 2.569573 2.470975
0.320884 2.629205 2.093778
0.116378 2.646623 1.982239
0.2447 2.6827 2.15935
-0.5573 2.2387 4.8044
-0.877263 2.065631 4.993263
-1.006544 1.982924 5.166515
2.122597 0.463734 4.547748
2.350222 1.236087 4.001288
2.434741 1.016097 3.629686
2.3453 1.33585 3.5062
-0.664466 -0.765154 0.041169
-0.634863 -0.898156 0.058607
-0.783596 -0.7699 0.061914
-0.69122 -0.592891 0.02106
-0.856896 -0.598221 0.05194
-1.499407 2.354534 2.021605
-1.317492 2.503815 2.275189
-1.359028 2.412096 2.055622
-1.439861 2.431131 2.182552
0.437527 0.962271 5.048606
0.528544 0.843919 5.064042
0.63021 0.95246 5.021546
0.382253 1.096016 5.022178
0.305196 1.028574 5.057353
-0.380112 2.642548 1.914228
-0.574297 2.514066 1.675745
-0.520183 2.938063 3.169496
-0.633872 2.879361 2.9632
-0.771259 2.864261 3.163887
-0.92516 2.798766 2.982253
1.666511 1.431928 1.684553
1.563519 1.632251 1.774499
1.618269 1.722976 2.045291
1.752236 1.590982 2.089511
-2.859161 -0.306854 4.249325
-2.809469 0.214737 4.342189
-0.172214 2.873108 4.204751
0.24449 2.089422 4.776802
-0.5376 1.0792 6.4335
-0.227166 0.885902 6.179086
-1.712787 -0.210383 5.155222
-2.09035 -0.2496 5.1147
-2.004683 0.033944 5.135971
-1.796751 0.312274 5.181627
-2.93861 0.926922 3.241478
-2.942112 0.820182 3.090107
-2.957036 0.773149 3.31499
-2.916411 0.965814 3.002358
-2.916143 0.917826 2.930612
1.662226 -2.127493 3.759739
1.246104 -2.331609 3.509162
1.4742 -2.229819 3.965301
1.355466 -2.18872 4.354763
-0.199452 1.208051 5.267749
-0.156481 1.230932 5.177688
-0.249472 1.205127 5.15281
-0.596451 0.985577 5.45984
-0.472734 1.003772 5.471565
-0.52791 1.036844 5.387948
-0.371245 1.012027 5.46949
-0.353461 1.073009 5.420278
-0.011166 1.938241 0.652095
0.045696 1.819727 0.527808
-0.112059 1.857341 0.531274
0.26053 1.907433 0.735258
-1.418253 2.187065 5.180931
-1.414432 2.369094 4.971618
-0.168566 0.840013 5.647069
-0.148049 0.780458 5.740587
-0.007746 0.846745 5.729268
-0.052138 0.850528 5.922526
-0.087399 0.827554 5.982569
-0.013572 0.883393 5.994916
-1.136636 2.205733 1.435708
-1.26649 2.111195 1.348166
-1.808447 -1.118733 4.926471
-2.180988 -1.142866 4.799676
-1.988234 -0.777019 5.06271
-1.74189 -0.92814 5.064246
-1.65319 -0.714974 5.111321
0.544717 1.63634 0.575596
1.119657 1.764757 1.327653
-2.0034 2.23535 2.289
-2.11425 2.177921 2.391916
-1.985551 2.295907 2.457989
-1.806502 2.341322 2.299482
0.384562 -0.161134 5.41638
0.29421 -0.117525 5.471633
0.244892 -0.209332 5.429676
0.513207 0.071469 5.435562
0.516386 -0.081158 5.386733
0.756165 1.107978 0.19736
0.889189 0.926132 0.203852
1.329613 1.22041 0.850571
0.90141 0.93439 4.983322
0.998724 1.160833 4.915431
0.885145 0.658788 5.047017
-2.685404 1.707419 3.7959
-2.842228 1.394656 3.917901
0.433235 0.790261 5.353769
0.292213 0.898123 5.347323
-1.244214 -2.244499 4.510878
-1.041662 -2.389696 4.306254
-1.040197 -2.303028 4.613234
-1.012921 -1.936014 5.087593
-1.286284 -2.077312 4.754118
-0.943289 -2.229422 4.825111
-2.598001 -0.817912 1.615413
-1.786627 -1.876286 2.265288
-1.804052 -1.878881 2.464646
-1.6887 -1.9639 2.23585
-1.102006 -0.573771 5.171277
-0.843376 0.082666 5.286586
-1.351729 -1.72591 0.715819
-1.576784 -1.362798 0.513607
-1.608078 -1.409942 0.579389
1.10702 2.306201 3.798957
1.20725 2.18045 3.87775
1.2821 2.244461 3.54393
1.087997 2.116626 4.183517
0.951102 2.334466 4.147859
0.869036 2.16889 4.394269
-0.192319 1.647465 0.298121
-0.691248 1.96397 0.720222
1.809487 -1.856717 2.606657
2.161079 -1.664765 3.47268
2.068142 1.055171 2.221687
2.169855 0.68302 2.187752
-0.471812 -0.798795 5.247727
-0.842426 -0.536592 5.221293
-0.762049 -0.71982 5.220625
-0.491347 -0.466583 5.277411
0.74025 2.3852 2.1335
0.9771 2.2408 2.2166
0.998522 2.21197 2.181549
0.995336 2.155136 2.034549
-2.765989 -0.93461 3.980301
-2.692595 -1.078751 3.898237
-2.647416 -1.080292 4.113082
1.1632 2.0628 2.07655
1.13665 2.16245 2.29515
1.44245 1.9407 2.22705
1.44245 1.9407 2.22705
1.5588 1.81935 2.13295
-0.11863 -2.058626 4.979287
-0.524395 -1.688818 5.183775
-0.85544 -1.608208 5.211742
-0.947591 -1.690439 5.185817
-2.969377 -0.152042 3.528448
-2.961933 -0.227731 3.366917
-2.951526 0.079031 3.763658
-2.962016 -0.166876 3.723152
0.07282 -2.505042 3.22001
0.056848 -2.477864 2.850925
0.267158 -2.491022 3.132568
0.406092 -2.47307 2.944607
0.315184 -2.455568 2.690898
0.672688 -2.415055 2.68262
-0.293831 -1.668356 0.581805
-0.561671 -1.894886 0.817478
-2.199259 2.278287 4.233282
-2.106724 2.399782 4.091372
-2.094351 2.37848 4.270546
-0.246121 1.385912 0.097847
-0.196002 1.533423 0.20422
-0.14037 1.009325 0.008431
-0.015151 1.135721 0.004283
-0.073202 0.863516 0.011306
0.723575 -1.479652 0.296158
0.591413 -1.613905 0.413797
0.360923 -1.521645 0.250683
-0.00392 2.427516 1.439926
0.182483 2.304508 1.30764
-0.63189 -2.19065 1.460794
-0.771209 -2.157448 1.380343
-0.454566 -2.131158 1.296478
0.083996 2.988161 3.922091
0.299249 2.989537 3.828664
0.639023 0.319567 5.309684
0.568912 0.318612 5.409341
-1.660184 2.471196 2.55536
-1.586131 2.548476 2.737781
-1.479713 2.548807 2.609859
-1.651502 2.576856 2.974214
-1.469673 -0.842917 0.220063
-1.744316 -0.781793 0.325711
-1.921293 -0.816615 0.475076
0.189918 1.074464 5.073351
0.244357 1.228409 5.008259
-0.202953 0.783158 6.693296
-0.305701 0.804116 6.720087
-0.300121 0.717627 6.689081
-0.300472 0.611385 6.627153
-0.386534 0.691274 6.683115
-0.9668 2.82085 3.4507
-1.2961 2.73325 3.35435
-1.186448 2.757118 3.573427
-1.387234 2.720092 3.689632
-1.6381 2.669 3.954
-2.912222 0.962191 3.977942
-2.8742 0.9046 4.1197
-2.870291 1.157678 4.196045
-2.929269 -0.300042 2.896098
-2.943949 -0.236229 3.044483
-2.937367 -0.168569 2.926471
0.535929 0.770338 5.262595
0.454787 0.825234 5.194316
0.45164 0.804467 5.281709
0.382744 0.872692 5.150587
1.694817 -1.321189 5.210231
1.435853 -1.685212 5.051464
-0.464794 0.714004 5.633646
-0.242502 0.735241 5.710436
-0.275994 0.799256 5.64061
-2.045778 -1.374831 1.17428
-1.938081 -1.314988 0.885924
1.6034 2.02805 4.18595
1.37435 2.13335 3.90955
1.274028 2.070201 4.101354
1.656104 2.106735 3.312176
1.472927 2.17518 3.528963
1.717221 2.092606 3.840568
1.522239 0.465738 4.939542
1.327425 0.723515 4.941823
0.9084 0.5976 5.056
1.019891 0.587728 5.03531
-0.319969 0.527932 5.877334
-0.2997 0.5665 5.948
-0.260323 0.619461 5.893617
-0.356322 0.400415 5.999506
-0.341477 0.466023 5.970403
-0.937962 1.806112 0.708443
-0.901981 1.5958 0.44517
-1.192862 -0.470427 0.086907
-0.986791 -0.099769 0.017448
-0.730915 -0.131922 0.012433
-0.634868 -0.223873 0.009745
-0.785113 -0.284381 0.019122
-0.500009 2.384548 1.353029
-0.980146 2.309677 1.517075
-0.742645 2.401097 1.53185
-0.776789 0.397027 5.48052
-0.840376 0.37908 5.368193
-0.087784 1.053874 5.447953
-0.213673 1.085397 5.419992
-0.102653 0.987281 5.49947
-0.123062 1.174354 5.343371
-2.6287 -1.0588 2.29
-2.43263 -1.300578 2.242657
0.096569 0.445837 6.385382
0.009367 0.072024 5.846355
-0.056694 0.137352 6.005867
-0.106158 0.038963 5.794306
-1.746474 -1.090699 0.468101
-1.619749 -0.859996 0.28344
-0.294492 1.105927 6.716707
-2.46978 -1.341085 3.055092
-2.432491 -1.377473 3.159313
-2.510038 -1.309173 3.178511
-2.44207 -1.361684 2.926484
-2.303236 -1.475753 2.899956
-2.360862 -1.433805 3.098195
2.212557 -1.127115 4.831558
2.313082 -1.18116 4.581864
2.151979 -1.587561 4.354819
1.810916 -1.626237 2.001873
-2.960897 -0.299434 3.512752
-2.434755 -0.638616 1.076923
-2.434738 -0.562835 1.049026
-2.3832 -0.607512 0.959248
-2.505716 -0.403298 1.175471
-2.535375 -0.259651 1.246016
1.504517 -1.259531 0.945791
1.518615 -1.443208 1.163052
1.348609 -1.414247 0.871089
1.109939 -1.520367 0.695767
-1.071622 2.775684 3.183959
-0.937665 2.814786 3.151155
-2.590188 1.546359 1.929669
-2.70182 1.183278 1.812787
1.847682 1.386728 2.035958
1.851229 1.52986 2.213027
-2.3927 1.9825 2.4841
2.493231 -0.887369 3.098121
2.399992 -0.938747 2.771333
2.547546 -0.535524 2.99784
2.47725 -0.39395 2.6589
-0.037886 0.955279 6.566765
-0.141508 0.919265 6.683068
-0.1057 0.75355 6.65085
-1.764773 -1.690942 4.215011
-1.881811 -1.681807 3.96395
-1.533273 -1.906365 4.429312
-1.562126 -1.933725 4.327271
-0.55821 2.65204 2.030964
-2.169127 2.35181 3.928762
0.022009 -1.90213 0.927642
-0.270548 -1.820316 0.77541
-0.424695 -1.89061 0.837679
-0.941961 0.28528 5.312659
-1.002258 0.177517 5.285655
-2.468716 -1.227191 2.106776
1.04038 -0.328562 5.319674
0.848155 -0.112714 5.303817
0.75246 0.827342 5.033677
0.795645 0.725296 5.050675
0.928055 0.784105 5.011283
0.564949 0.779985 5.165102
0.664508 0.731417 5.104326
0.612553 0.793621 5.069492
-0.514118 1.572417 5.085254
-0.447416 1.593395 5.0592
-0.526433 2.173579 4.834982
-0.747058 2.137243 4.895496
-0.567748 1.888759 4.991136
-2.879035 -0.70543 2.970026
-2.833455 -0.767982 2.74771
-2.795327 -0.877668 2.82958
-2.740583 -0.936225 2.594623
-2.668119 -1.069007 2.620572
-2.745625 -0.963328 2.730355
-0.433711 1.063585 5.396007
-0.45675 1.1233 5.2019
-0.51143 1.057652 5.297324
-0.451271 1.077043 5.355262
-0.061404 0.879068 5.622443
0.103946 0.858836 5.746608
0.469327 0.398721 0.037209
0.226963 0.555319 0.01062
0.150397 0.342214 0.007003
-2.456261 -0.798204 1.227662
-1.0916 2.61885 4.32505
-1.091342 2.692772 4.082623
-0.957127 2.523207 4.515936
-0.924872 2.667698 4.236948
-0.748568 2.736283 2.442352
-0.838491 2.667283 2.298902
-0.976278 2.625487 2.307306
-1.967808 2.51304 3.605231
-1.923331 2.532462 3.44131
-2.025083 2.459904 3.515384
-2.137401 0.816216 5.130561
-1.966932 0.862679 5.247399
-2.641904 0.899865 4.691651
-2.704121 1.090821 4.650268
2.378527 0.912911 3.032907
2.477931 0.603716 3.337036
2.405097 0.516551 4.049497
-0.361173 2.083707 4.870454
0.30979 1.92508 4.817401
0.118292 1.90021 4.859213
1.653828 0.345942 4.921882
2.1128 -0.01155 4.70675
1.911566 -0.103269 4.954065
-2.378773 2.111969 3.072619
-2.347268 2.17789 3.522266
-2.27528 2.23542 3.357315
-1.101933 0.545406 5.304101
0.21359 -2.091338 1.310242
0.523788 -1.714988 0.563778
-0.468257 -2.398804 2.335253
-0.556849 -2.432053 2.657002
-2.849781 0.161514 2.319727
-2.87978 -0.029992 2.430044
1.003381 -2.286565 2.447062
0.898522 -2.364948 2.654903
0.730025 -2.369614 2.463128
-0.3928 1.1156 6.3824
-0.206 1.0305 6.276
0.1812 0.38425 0.0071
0.1812 0.38425 0.0071
0.159583 0.646283 0.010678
1.109366 -2.190809 2.212941
1.874705 0.190678 1.332287
1.713933 0.239959 1.076299
1.666513 0.525247 1.055035
1.784485 0.43948 1.242078
1.895051 1.990961 3.306065
1.645649 2.026105 2.843566
1.544348 2.111325 3.011654
1.71508 2.045129 3.069527
-1.668982 1.552758 5.467392
-2.172863 1.58699 5.231699
-2.026668 1.332947 5.378016
-1.369638 1.255069 5.455698
-1.155905 1.239922 5.450893
-1.326475 1.383776 5.495723
-0.871758 2.626309 2.208354
-0.209652 -2.514066 3.361076
0.086305 -2.505628 3.463124
-2.448237 1.808494 2.056882
-2.430546 1.87854 2.230166
-2.466035 1.72297 1.895941
-2.542899 1.643669 1.974822
-2.441242 1.78288 1.970847
0.223961 1.495646 4.941019
0.250089 1.731206 4.877035
0.08536 1.577689 4.948622
0.32019 1.393696 4.9434
-0.602977 0.770889 6.609223
-0.515621 0.749156 6.703113
-0.604226 0.827196 6.682976
-0.51646 0.801659 6.726141
-1.376462 -1.587658 0.578794
-1.110397 -1.618009 0.509097
-0.240609 -1.510604 5.207071
0.194269 -1.601418 5.145699
0.253128 -1.456564 5.176275
-1.953442 -1.09289 0.680201
-1.898761 -1.184417 0.690557
-0.820793 -2.293252 1.925578
-1.085845 -2.2807 2.106939
-2.121478 -1.597487 3.523608
-2.217118 -1.516317 3.640393
-2.298366 -1.477758 3.450884
-0.241324 0.272171 6.231931
-0.356503 0.359056 6.146391
-0.302265 0.266236 6.077937
-1.556952 -2.127631 3.661775
-1.134714 -2.394099 3.991116
-2.658162 1.682015 2.748382
-2.591601 1.765978 2.572155
-2.529335 1.892276 2.755487
-2.488422 1.984998 3.025487
2.282384 -1.442866 3.263741
-1.584582 2.335356 2.049355
-1.584109 2.290272 1.929324
-0.587518 -0.322132 5.274745
-0.99855 -0.33565 5.21195
-1.055315 2.36595 1.696847
-1.195451 2.285385 1.634664
-1.300296 2.228556 1.58861
-1.4222 2.26265 1.73295
-1.312027 2.291467 1.720379
-2.758617 1.28356 2.25128
-2.661161 1.588179 2.442686
2.581149 -0.867302 3.592769
-2.187986 -1.556558 2.601014
-2.149611 -1.57463 2.417573
-2.097101 -1.60817 2.296892
-1.343927 -2.0862 1.539521
-1.545702 -1.951073 1.422846
-1.425993 -1.951813 1.226596
-1.172917 -1.987127 1.08988
-1.040968 -2.120466 1.360035
-0.638647 2.836143 3.970681
-0.809739 2.824903 3.805161
-0.597929 0.876556 5.523133
-0.53228 0.950477 5.516246
-0.698891 0.8932 5.474215
-0.733927 0.82506 5.458957
-1.033823 1.274312 5.436274
-0.578601 1.034506 5.321888
-0.645503 1.088427 5.310706
0.863357 2.661536 3.672406
0.979663 2.488426 3.746975
0.937652 2.570629 3.506521
0.197817 1.750181 0.514764
0.158992 1.659861 0.396428
0.286786 1.603246 0.392001
0.854705 0.353061 0.12109
0.905876 -0.063348 0.222273
1.0382 0.391 0.2466
0.9602 0.620739 0.197556
-0.96498 0.776758 5.34376
-0.878759 0.801532 5.382408
-0.99406 0.835803 5.354859
-2.86322 0.762775 4.123237
-0.594727 0.306763 5.5842
-0.503294 0.30416 5.649555
1.90398 1.016863 4.670173
2.279268 0.881026 4.296751
2.106822 1.156974 4.481101
0.584526 -2.407552 3.869249
0.228313 -2.441785 3.993439
-0.527086 -2.239971 4.869789
-0.6059 -2.362509 4.627668
-0.501739 -2.346746 4.674075
-0.548148 -2.431807 4.410444
-0.690903 -2.397263 4.5143
-0.815419 -2.437482 4.295752
1.440818 1.887145 2.086306
1.113626 -0.996978 5.32695
1.032121 -0.822108 5.32355
0.552064 -0.775246 5.27661
0.710088 -1.118042 5.255993
-2.610209 -0.290252 1.416685
-2.614319 -0.034573 1.490776
0.525374 0.257761 5.457139
-0.615728 0.055481 5.430912
-0.614907 0.130021 5.511577
-0.708955 0.145721 5.46576
-0.56 0.1321 5.54985
-0.465848 0.052895 5.535309
-0.17799 -2.33544 1.973336
-2.908706 0.825509 2.732773
-2.930388 0.80029 2.904312
-2.903187 0.914413 2.791075
-2.948103 0.64604 3.062396
-1.1685 2.2675 1.58215
-0.879836 2.390306 1.614379
1.786607 -1.526665 1.763372
1.936482 -1.196386 1.712914
1.72322 -1.414601 1.48673
-2.738092 0.634422 1.874099
-2.754658 0.646308 1.925299
-1.139093 2.667961 2.642514
-0.505218 -1.162065 0.160786
-0.569016 -0.756898 0.030471
-0.954072 1.787043 5.25066
-0.778185 1.460713 5.267833
-0.756803 1.660627 5.174409
-1.006455 1.710895 5.317587
-1.741291 2.574821 3.16511
-1.834634 2.564102 3.334277
-1.848113 2.578196 3.511296
0.082063 2.43346 1.492111
-1.996865 -0.864503 0.575271
-0.800167 -2.035643 1.062098
-0.915521 -2.074245 1.188757
-1.826221 -1.728521 1.531577
1.041404 1.749329 4.581295
1.012426 1.530235 4.763216
0.870769 1.515543 4.772403
0.970014 1.779369 4.558253
0.779669 1.778583 4.646239
-0.524723 -0.546081 0.010925
-0.536776 -0.255623 0.005426
-2.793666 -0.909184 2.95555
-2.88438 -0.712252 3.069484
-2.91167 -0.61106 3.166906
-0.625467 0.959817 6.477537
-0.642365 0.866521 6.513714
-2.6098 -1.21625 3.28785
0.721597 1.613591 0.671438
0.663973 1.720168 0.770644
0.830884 1.706038 0.890867
0.945217 1.597585 0.82468
0.142138 2.157339 1.027663
0.318545 2.039956 0.955028
0.060092 2.055154 0.829879
-1.182608 -0.551511 0.093675
-1.036842 -0.597533 0.079031
-0.844296 -0.455584 0.038094
-0.786671 -0.361622 0.020611
-2.911554 1.051364 3.072234
-2.872878 1.231512 3.124524
-2.854482 1.240631 2.92466
-1.838485 -1.854809 2.572271
-1.897463 -1.802599 2.671488
0.330485 -0.419414 5.307547
0.299811 -0.245244 5.338623
0.201843 -0.301729 5.33898
-2.857748 0.944559 2.441972
-0.278602 -1.293234 0.219687
-0.027935 -1.316457 0.127518
0.252308 -1.692574 0.549852
1.15931 2.315861 2.898195
1.285221 2.2092 2.834326
-1.616773 -0.960526 0.317146
-1.299161 -0.947613 0.21187
-1.977237 -1.547166 4.133318
-2.235174 -1.474344 3.823443
-2.183965 2.33462 3.552712
-2.309613 2.216926 3.792824
-2.708768 0.283369 4.544534
-2.765257 0.059997 4.479939
-2.741213 1.264789 2.127155
-2.785641 1.108124 2.139508
0.224687 0.841875 5.794116
0.338369 0.658427 5.963032
-2.853482 0.61678 2.332817
0.398438 0.427084 5.724913
-0.65316 -2.125457 5.008923
-0.569907 -1.909481 5.145501
0.199387 -0.931346 5.247908
-0.071749 -0.871564 5.255188
-0.11144 -0.784014 5.261351
-1.3604 -0.5331 5.14535
-1.218299 -0.81286 5.124822
-1.810331 -0.677797 5.111215
2.220783 0.396386 2.146057
2.298427 0.508863 2.427539
2.505248 -0.130076 2.876882
2.423649 -0.087827 2.558519
1.759449 1.340326 1.773906
1.913524 1.114534 1.908859
-0.035275 0.280039 6.274304
0.002396 -0.206768 0.001895
-0.067002 -0.189644 0.003174
0.426238 -0.092892 5.44223
0.442283 -0.188364 5.373963
1.766461 -0.28823 5.158433
1.871392 -0.677032 5.235092
1.674941 -1.039397 5.318311
-0.33786 0.751753 6.704674
-0.385486 0.785338 6.71928
-0.433498 0.800635 6.72775
-0.347662 2.95186 3.848466
-0.032754 -0.292561 5.429552
-0.080963 -0.241327 5.469185
-0.04145 -0.355587 5.362724
0.092021 -0.289375 5.401093
-2.630879 -0.981103 4.401628
-1.862323 -1.070549 0.562497
-1.72214 -1.291412 0.585538
-1.854073 2.362897 2.456353
0.163348 2.561609 1.811984
0.06439 2.562396 1.752918
-2.953109 -0.028558 2.997155
-2.955569 0.153962 2.989093
-0.141167 -0.716884 -0.000642
-0.156569 -0.233451 5.479766
1.781965 -2.015519 3.382283
1.743053 -1.992574 3.018898
1.946374 -1.870561 3.24191
-2.956191 0.227501 3.670837
-2.969684 0.051936 3.564958
-2.479965 1.845561 4.512286
-2.562521 1.67524 4.638159
-2.394259 1.850735 4.711958
-2.610951 1.774083 4.148555
-2.582744 1.756496 4.381044
-2.5631 -1.2546 3.0365
-2.525918 -1.288049 3.010705
-2.584548 -1.235695 3.134366
-1.282641 -2.258746 2.441987
-2.812655 1.187779 4.446363
-0.088952 3.023571 3.390021
-0.383534 2.982702 3.344301
-0.195 0.84095 6.71515
-0.239452 0.947385 6.745774
-0.225186 0.911573 6.73913
-2.563762 1.571767 1.881887
-2.50896 1.508927 1.593037
0.645112 0.95881 0.066786
0.488706 1.11396 0.080449
2.020603 -0.75963 1.588659
-1.613376 -1.230453 4.843103
-1.470917 -1.208059 4.916231
-0.482524 -0.588016 5.271615
-0.754845 -0.895813 5.227825
-0.177295 -0.434472 5.317621
-0.333599 0.072244 5.676563
0.048066 0.90824 6.016508
0.051801 0.861072 5.836802
-0.021874 0.962313 6.154822
-2.933303 0.145191 2.805401
-2.911225 0.308175 2.67858
-0.324642 1.631907 0.268632
-0.786157 1.744707 0.516328
-0.696353 1.849095 0.580166
1.259239 1.000241 4.900029
-2.09167 2.28905 4.534442
-2.153626 2.141174 4.694012
-2.517752 -1.269975 2.65707
-2.601952 -1.163892 2.62552
-2.567493 -1.18541 2.482459
-2.488842 -1.286887 2.540521
-1.5711 1.312393 5.466616
-1.530397 1.152889 5.429934
-2.728956 -0.21352 1.77976
-2.940686 -0.476969 3.268104
-1.137639 2.560796 2.269961
-1.148367 2.489661 2.082289
1.57054 -1.993295 4.610599
1.790233 -1.914523 4.447906
1.316119 -2.003686 4.734621
-2.482566 0.876895 4.887671
-2.603339 1.046029 4.817965
-2.26139 0.496634 4.997466
-2.483016 0.701009 4.822223
-2.541019 -0.723583 1.369833
-2.456902 -0.897703 1.333096
-2.539738 -0.869934 1.50863
-2.62085 -0.711618 1.593911
-2.770423 0.073104 1.972371
-2.819807 0.131733 2.158104
0.590961 0.551276 5.36048
-0.979774 -0.783969 0.099958
-0.955785 -0.894969 0.118159
0.032044 0.270399 6.213774
0.062929 0.179865 6.020817
0.144964 0.30842 6.136678
-1.568746 2.148922 1.594542
-1.824848 2.108712 1.695415
-0.611396 0.71842 5.553775
2.369284 -0.748609 2.48577
0.244691 -2.397244 4.182548
-0.119439 -2.234846 4.761041
-0.322252 -2.053803 5.033453
-0.341487 -2.318056 4.706051
-0.733341 0.093631 5.387792
-0.562437 2.561697 1.781408
-0.583594 2.602417 1.909662
-0.693535 2.593868 1.965583
-1.0586 -0.0703 5.2366
-1.09195 -0.40955 5.1921
-1.312282 -0.479599 5.157224
0.982709 -1.399549 5.226698
0.86878 -1.059108 5.286091
-1.203923 2.729959 3.813872
-1.1551 2.7183 3.9567
-2.389416 1.684382 4.944904
-2.017818 1.838984 5.186366
-0.182564 0.812767 0.0118
-0.045076 2.865663 2.546179
-0.261954 2.887299 2.640721
-2.6897 0.15375 1.73355
-1.259153 2.200016 1.505995
2.085732 1.784828 3.303744
-2.749276 1.587627 3.933033
-2.704939 1.649264 4.074212
-0.655342 -2.460231 4.245526
-0.767023 -2.469305 4.07691
-0.89627 1.981699 0.887454
-1.406766 2.604671 4.448222
-1.284126 2.458059 4.743347
1.537471 2.037684 2.69522
-2.367993 1.973073 2.353204
-2.2542 2.07147 2.372098
-2.894871 -0.154796 4.16082
-2.953846 -0.244034 3.78782
-2.819816 -0.124952 4.388665
-2.647979 -1.163371 3.669119
-0.650649 -0.068573 5.309759
-0.79192 -0.162975 5.258963
-0.531558 -0.0241 5.364812
0.292382 0.869575 5.428602
0.378676 0.820585 5.371613
0.229516 0.956817 5.338935
0.128935 2.50744 1.670726
-0.408421 1.765665 4.998205
-2.235835 0.704101 5.031209
-2.111945 0.157021 5.107878
-2.0425 0.5232 5.1163
-0.227072 0.667501 5.923119
-0.260949 0.623509 5.815715
-0.285476 0.584466 5.864883
-2.185938 -1.348422 1.437928
0.380439 2.232755 1.307059
0.413753 2.094239 1.091821
-0.008421 0.841819 5.816258
-0.0943 0.802931 5.834863
-1.987556 2.116108 1.881538
-2.302759 -1.388653 2.011096
-2.137352 -1.5281 1.925595
-2.657261 -0.78851 1.798335
-2.685216 -0.836863 2.008447
-1.248052 2.721427 3.104665
-1.527294 2.584785 2.801424
-1.410413 2.592297 2.679633
-2.39152 -0.173675 4.990964
-2.59172 -0.09326 4.792442
0.937089 -1.994976 1.397571
0.6684 -2.052096 1.328838
-0.235025 1.310481 5.090007
-0.161711 1.561403 5.004233
1.181754 0.40326 5.049538
1.031703 0.387341 5.091565
-2.75278 0.954472 1.854933
1.033112 0.238863 5.143848
0.828263 0.257431 5.177137
1.090641 2.30992 2.687499
-0.102316 1.190846 5.316491
-0.17057 1.18299 5.319748
2.150042 1.441616 2.881419
2.33694 1.211641 3.207403
2.244756 1.40458 3.142389
1.06698 0.846479 0.331153
1.089048 1.132428 0.487798
1.913139 1.592951 2.456246
2.0159 1.17 2.1999
-0.9302 -1.438945 5.221682
-0.605629 -1.51823 5.215653
0.246379 -0.070365 5.520268
0.179864 -0.057716 5.573617
-0.74285 -1.043495 0.113239
-0.89385 -1.2383 0.2141
-1.669186 -1.965771 2.07621
0.286547 0.782262 5.901717
0.2451 0.82495 6.0047
-1.879071 2.586242 4.034136
-1.689009 2.649566 4.055349
-2.556532 -0.316529 1.279444
-2.471696 -0.559614 1.123796
1.074047 1.493898 0.802876
1.207229 -1.899793 1.46653
-0.274355 0.603687 5.983433
-0.34877 0.507461 6.051661
-0.37563 0.695931 6.199007
-0.47733 2.560956 1.742481
1.871193 0.138008 4.85016
-0.042188 -2.297745 1.850703
-0.128932 -2.322565 1.928768
1.868095 1.825487 2.758309
2.044438 -1.795151 3.983836
2.240596 -1.532188 4.144194
0.51328 0.501166 5.480922
0.336557 0.929638 5.096435
1.587613 0.312622 0.893185
1.611783 0.061191 0.91222
-0.203787 1.985343 0.660294
-0.275559 1.880247 0.5273
-0.840434 2.130063 1.079955
-1.03175 2.1705 1.28935
1.290747 1.538949 4.762021
1.223886 1.241703 4.856659
-0.405358 2.197723 0.965715
-0.416795 2.061123 0.755193
-0.329707 2.099812 0.80926
-1.311654 2.734474 3.640749
-1.395591 2.714754 3.503177
-1.313108 2.729896 3.40545
-0.578327 2.423634 1.473167
-0.618911 2.465076 1.585974
1.031065 0.132049 0.276369
-0.348254 0.344601 5.998204
-2.645959 -0.578902 1.595608
-2.680348 -0.446509 1.661388
-2.60992 -0.595994 1.497854
0.820637 1.964934 4.534805
-2.7857 1.2536 2.37495
-2.707878 1.469659 2.359602
-1.18221 -2.121985 1.457229
-1.16753 -2.185751 1.714888
-2.501482 -1.126742 1.912678
-2.395772 -1.303735 2.048135
-0.19705 -1.7348 5.15715
-0.015924 -1.587958 5.18119
-1.756557 -1.377906 4.627738
-1.647156 -1.741603 4.360123
-2.775381 0.594678 2.011779
-2.124757 1.947608 1.721843
-1.962144 2.029449 1.636318
-1.815769 -1.266023 0.667835
-1.811395 -1.163349 0.579887
-2.960626 0.424186 3.546943
-2.957197 0.617964 3.524688
1.950422 0.542291 1.593061
2.013662 0.435169 1.679894
1.910036 0.422967 1.461825
0.076749 0.963144 6.248457
-0.036477 1.033069 6.458746
-2.939198 0.689699 2.942562
-2.29737 2.231715 3.684804
-2.086405 2.421271 3.638694
0.443363 2.640805 2.268707
0.31404 2.748225 2.406548
0.110227 2.817745 2.441197
-2.938482 0.254991 2.851886
-2.135673 -1.535266 3.850634
-2.009525 -1.609483 3.897085
-2.08417 -1.599767 3.6854
2.543252 0.089958 3.347954
2.47871 0.512615 3.710922
-1.586214 2.37733 2.164868
-1.382465 2.491708 2.304657
-0.436991 0.755591 6.711156
-2.905439 -0.590736 3.005019
-0.222021 1.095259 6.360166
-0.327029 1.118619 6.386653
-0.819504 1.131932 5.358212
-1.236725 1.515642 5.47214
-2.902087 1.197562 3.482331
0.183388 1.215827 0.047752
0.110629 1.27675 0.070745
-0.135531 1.240141 0.02734
-2.071762 -0.955686 4.991521
0.881598 2.58876 3.956051
-1.428196 0.723207 5.306715
-1.172335 0.716441 5.317447
-1.470734 0.812589 5.329891
-1.119492 0.64949 5.31154
1.3528 1.8582 1.8744
-2.285932 -0.613656 0.804368
-1.047515 2.397664 1.761675
0.9918 2.3373 2.53845
-1.851837 2.394961 4.744612
-1.682983 2.430539 4.865771
0.577209 2.589508 2.327524
2.264213 0.236383 2.184045
2.297138 0.325504 2.316714
0.502982 -1.180778 5.225768
0.442013 -0.85757 5.258419
-0.496006 2.727391 2.20457
-0.416128 2.799278 2.396773
-1.331254 -2.314391 3.647133
-0.10815 0.209 6.16155
-1.700125 -1.980654 2.567664
0.517946 -0.255884 5.349442
-2.885746 -0.722444 3.706081
-2.860783 -0.811302 3.593109
0.360487 1.278035 0.13588
-0.5655 2.8193 2.5672
-0.953741 2.239547 4.870983
-0.568572 2.712358 4.320356
-0.574011 0.571191 5.597299
-0.543374 0.676494 5.596522
-1.126197 2.172134 1.365543
-1.309935 1.979762 1.155911
-1.144035 -1.81067 0.742721
-1.206787 -1.428038 0.388729
-0.645465 -2.119039 1.262268
-2.235996 -1.53184 3.02844
-2.238402 -1.522814 2.75067
-0.522798 1.806736 0.458231
-0.634591 1.665787 0.345204
-0.584742 1.926175 0.614471
-0.478876 1.944565 0.616423
1.618542 1.002252 4.800548
1.8166 0.9199 4.7388
-0.976141 -0.429459 0.054174
-2.885242 0.923024 2.63006
-0.578095 0.796871 6.693801
-1.382766 0.074637 5.217095
0.242218 0.188499 0.007242
2.58625 -0.31045 3.292
-0.371281 -2.498961 3.998082
-0.566614 -2.479202 4.141902
-0.575167 -2.502889 3.870359
-0.438545 -2.516767 3.601249
-2.598303 -0.166378 1.423177
-2.576602 -0.233666 1.350073
-2.584651 -0.299703 1.348746
1.696765 -0.072072 5.080566
2.585083 -0.87929 3.887043
0.836753 -2.428368 3.288833
-0.116825 -0.003691 5.697647
-0.059601 -0.166097 5.547036
1.37365 2.0503 2.4406
1.31905 2.084 2.44685
-0.758731 0.648249 5.432589
-0.793034 0.599299 5.381916
-1.670386 2.324911 2.101585
-1.751473 2.309362 2.140267
-2.832376 0.585014 4.195383
0.580455 0.148896 5.377968
-1.468119 -0.600401 5.133069
-2.009734 -1.695898 3.354814
-0.467606 -1.631698 0.521092
2.112157 -1.037638 1.993467
2.065674 -0.938178 1.802006
1.490962 0.682835 0.815341
1.202258 0.9725 0.527985
-0.584117 -2.501949 3.537072
-1.192934 -0.789507 0.142373
1.272528 -0.499346 5.370065
1.171637 -0.215016 5.305681
0.396491 2.381855 4.61142
0.585757 2.555879 4.418714
-2.549612 -0.906679 4.632708
-2.628001 1.558801 2.138074
-2.561656 1.658816 2.082349
-0.311431 -0.34665 5.309798
-0.342758 -0.289735 5.312852
1.3528 1.8582 1.8744
1.037605 -1.843287 4.930779
1.398673 -1.160861 0.704069
-0.896204 2.783072 2.846459
-0.952519 2.758743 2.79245
-0.677232 2.332853 1.341522
-0.502536 2.330544 1.241598
-1.634315 -0.690749 0.238361
-2.791676 0.822251 4.350286
-2.837525 1.018316 4.304474
-0.123135 0.621224 0.010647
-0.042138 -1.382618 5.226056
-0.2577 -1.34865 5.2224
-0.178542 -1.155073 5.232942
1.957768 1.987927 3.849477
0.879651 2.512103 2.823671
1.035414 2.416924 3.0163
1.065545 2.367507 2.827778
0.357069 -2.004953 1.139029
-0.540166 -0.191184 0.004988
0.622938 -2.359399 2.30198
2.106929 -1.695335 3.205457
-0.344611 0.70567 6.688831
0.929756 -1.273517 5.269327
-2.790731 1.463273 3.130762
-0.925995 0.89947 5.383628
-2.799316 1.008498 2.127004
0.49752 -2.47405 3.124769
-0.18546 -0.939813 5.248897
-0.955958 -0.138536 5.240543
-0.8718 0.0775 5.2763
-0.8718 0.0775 5.2763
0.022401 -0.244784 5.471451
1.352781 1.773717 4.584305
-0.360685 0.398413 6.058973
-2.843608 0.864472 2.296206
-1.614233 -1.087599 4.965322
-1.610118 -0.991877 5.035461
-1.584565 -0.839816 5.090442
-1.296331 2.625365 2.66748
-1.032747 2.523705 4.51939
-2.736 -0.00525 1.85925
-1.473384 -1.244082 0.368742
0.82723 1.899727 1.213369
1.436576 -0.035786 0.698559
1.337006 -2.047882 2.085685
1.121307 -2.125904 1.989462
-0.903874 1.322389 0.216607
-2.835357 0.874667 4.242905
-2.943266 -0.409211 3.158746
-2.659066 0.265073 1.68485
-0.485037 -2.389854 4.550861
-2.1552 -0.6012 5.07915
-0.086523 -0.88258 -0.002553
-0.281042 0.224988 6.006363
-0.628519 -1.083813 0.124618
-0.69799 -2.298298 4.764197
1.287247 -2.181071 2.506531
0.220083 -0.535851 0.001984
-1.758837 -1.580876 4.385637
2.622278 -0.499284 3.899129
-1.219082 2.230889 1.541725
0.156134 0.417373 6.290329
-2.0127 2.0567 1.7625
0.505508 2.601036 2.227057
-1.079206 2.611848 2.373794
-0.388708 -0.53616 0.004796
-2.93677 0.496482 3.69756
-2.940525 0.727051 3.734669
-2.041871 -0.799853 0.582774
-2.190826 -0.72142 0.719129
-2.231317 1.905603 4.909234
-2.876861 1.270466 3.94184
-2.647528 1.790461 3.500814
0.238081 1.335319 0.140529
-2.622679 -0.106172 1.493771
0.376627 0.3005 5.688811
0.342813 0.429087 5.879448
0.530927 0.585484 5.423011
-1.750142 -0.899031 0.378166
0.656329 0.48294 0.041833
-2.396649 -0.905147 1.197936
-1.303846 2.33766 1.824695
1.544671 2.139763 3.191565
-0.190085 0.342163 6.382818
-0.2462 0.4833 6.5421
-2.157024 2.035061 2.02405
-0.9331 -1.2123 5.2321
2.5194 -0.3154 2.8194
-1.269645 2.435366 2.039925
-1.528166 -1.602699 0.708178
2.071146 0.539704 1.856532
2.360158 0.832011 2.870957
-1.955958 -0.868775 0.536692
-1.90973 -0.891508 0.503533
-1.136477 -1.706691 0.612638
-2.941341 -0.010842 2.860427
-2.76645 -0.7151 2.1826
-1.896205 -1.438589 0.993509
0.047337 2.497409 1.608445
-0.102319 2.479144 1.516739
-0.1847 1.044 6.2948
1.955352 1.696277 2.724956
1.799566 1.962608 2.956007
-2.597562 0.773371 4.699759
0.911577 0.307338 5.144814
-0.510816 0.925844 6.378423
-1.404048 2.618307 2.777532
1.84668 -1.967673 4.087973
2.38996 0.031624 2.485298
2.33838 0.244257 2.405253
1.18603 0.462233 5.028376
-2.839026 -0.81301 3.003581
-2.644671 -1.077154 2.485677
0.842738 2.672664 3.394856
-2.892616 -0.718292 3.513003
-2.921236 -0.599003 3.371612
-1.438177 -0.950855 0.243733
-0.313984 1.003123 6.771373
0.301269 0.409539 0.019074
-0.19185 1.15775 0.0024
-2.95928 0.638143 3.252962
-2.96543 0.329103 3.472213
-0.938244 2.077869 1.067637
-0.948292 2.110249 1.126064
-0.66569 -2.296576 1.875962
-0.470374 0.941471 5.528954
0.508592 2.115982 1.219411
0.263793 0.909819 5.38074
-2.383818 -0.569378 0.947573
-2.458901 -0.494412 1.083764
0.850669 -1.722447 5.019678
0.942971 2.10298 1.813242
-0.291497 -0.415018 0.002007
-2.628529 1.435965 1.874506
1.855299 0.670101 1.462958
1.787804 0.194332 1.1873
-0.435902 1.753658 0.382266
-0.237364 0.649462 5.842316
0.123036 2.257564 4.743499
-2.833799 -0.007673 4.327789
-1.610091 2.648601 3.340509
-2.0561 2.119751 2.018917
0.106774 2.702105 2.11341
-0.303106 0.642667 5.750593
-0.257282 -1.642114 5.180538
-2.0449 1.9994 1.6624
-0.637737 -2.019876 1.031086
-0.572995 -2.074733 1.154863
-0.907645 2.331343 4.766036
1.150346 1.321964 0.699309
-0.99855 -0.33565 5.21195
2.269016 -0.061535 4.548426
-2.633608 -0.931013 1.964634
-2.7216 0.55095 1.83695
-0.854594 1.285413 5.356258
-0.053425 1.232057 5.193322
-0.612984 0.577224 0.010587
-2.69295 0.243 1.7833
-2.920497 0.832112 3.901571
2.122766 -0.777611 5.031581
-1.703811 2.609082 3.288628
-0.232541 0.623962 6.625255
0.26943 0.988931 5.093329
0.185028 1.059516 5.115696
0.361059 0.969924 5.068192
-1.94633 -1.747398 2.433598
-0.354881 2.606293 1.804685
-1.669382 -1.41103 0.641005
-1.6314 -1.643 4.4946
-0.012895 0.189064 0.006929
2.331316 0.06481 2.294262
2.394876 0.571184 2.808357
-2.8121 0.97175 2.1762
-1.562 2.5883 2.87245
1.50683 0.127791 0.76421
1.213376 0.758263 0.46269
0.166066 1.33645 5.010536
-2.307528 -0.65352 0.849429
-2.517198 -0.460841 1.209309
0.1812 0.38425 0.0071
-0.732223 1.442241 0.208985
1.055233 0.971455 4.947187
-0.021743 -1.233717 5.230843
-1.541256 0.777949 5.310753
-0.777191 2.540837 1.887729
-0.36549 0.422955 6.068815
0.461997 0.551024 5.56985
-2.492827 -1.319746 3.601587
-0.893171 0.954383 5.389965
-2.38978 1.778804 1.820984
-2.603405 -0.534167 1.461126
2.431594 0.866821 3.281839
-1.31265 2.386735 1.942589
-1.570965 -0.627253 5.126555
-0.368085 1.11244 6.741189
0.032932 0.736924 6.539376
-0.633953 2.79021 4.119919
-1.09195 -0.40955 5.1921
-2.938532 0.869151 3.774766
-2.67868 0.322795 1.737454
0.579756 -2.149479 1.545977
-0.068056 0.931454 5.557374
-2.667721 1.352392 1.906086
-0.820947 -0.903145 0.093325
2.459543 0.329976 3.902313
1.138368 2.01931 4.253162
0.697157 2.588852 2.573219
0.499798 2.576337 2.155719
-2.63815 0.17265 4.679
-0.159981 1.273365 5.127966
-0.061425 0.692933 6.611403
-0.070675 1.066543 6.425968
0.456926 2.564225 2.065243
-2.591582 1.879248 3.433089
0.73321 0.102098 5.284146
0.005343 2.453574 1.497936
-0.148176 1.090289 6.391669
