-2.28324 -1.308778 3.694909
-2.337151 -1.62942 3.467185
-2.365749 -1.598254 3.435376
-2.394408 -1.56538 3.404738
-2.419928 -1.530869 3.381442
-2.44293 -1.490978 3.367168
-2.463949 -1.447512 3.359489
-2.484136 -1.398776 3.35694
-2.495602 -1.348586 3.35635
-2.504833 -1.298229 3.360537
-2.524012 -1.24693 3.344168
-2.529542 -1.196817 3.356069
-2.531812 -1.149509 3.373527
-2.531406 -1.104199 3.395704
-2.52783 -1.062269 3.422974
-2.520967 -1.025727 3.454655
-2.532693 -0.941346 3.469586
-2.493958 -0.964062 3.538307
-2.467405 -0.938101 3.576988
-2.439454 -0.91815 3.615735
-2.409414 -0.902971 3.655705
-2.399424 -0.966337 3.650769
-2.364193 -0.965269 3.693197
-2.327933 -0.970276 3.735236
-2.285992 -0.979479 3.764235
-2.244346 -0.994935 3.789597
-2.202644 -1.01606 3.81415
-2.137831 -0.974753 3.863279
-2.108235 -1.009286 3.877018
-1.824933 -1.244171 3.955102
-2.061312 -1.098319 3.887542
-2.03857 -1.146451 3.892207
-2.009542 -1.191923 3.896358
-1.982207 -1.238583 3.899584
-1.939871 -1.278325 3.909148
-1.927493 -1.331872 3.906055
-2.008911 -1.35356 3.872413
-1.918886 -1.434798 3.894662
-1.919302 -1.482711 3.887779
-1.921488 -1.527404 3.880713
-1.92578 -1.568962 3.871517
-1.92738 -1.607972 3.861165
-1.950667 -1.662893 3.833725
-2.077252 -1.741139 3.734763
-2.057486 -1.881364 3.694318
-2.136812 -1.726154 3.675596
-2.170155 -1.718482 3.642155
-2.204893 -1.708552 3.608167
-2.241568 -1.696415 3.572992
-2.278165 -1.682023 3.53889
-2.309227 -1.658849 3.499008
-2.318016 -1.966874 3.229025
-2.360641 -1.899896 3.149827
-2.404444 -1.819581 3.090333
-2.448242 -1.728574 3.051237
-2.489904 -1.637963 3.021724
-2.526578 -1.556624 2.998731
-2.563345 -1.472349 2.980867
-2.588779 -1.378219 2.977292
-2.617294 -1.274243 2.949121
-2.634448 -1.174914 2.975342
-2.64723 -1.083077 3.0158
-2.656034 -0.997624 3.069726
-2.661825 -0.988192 3.050291
-2.662809 -0.916539 3.12918
-2.660999 -0.850542 3.216198
-2.651683 -0.792869 3.288221
-2.63509 -0.744027 3.34622
-2.610697 -0.700292 3.416264
-2.551218 -0.591619 3.55158
-2.525068 -0.634494 3.580243
-2.465497 -0.620529 3.655599
-2.404919 -0.610344 3.73186
-2.325529 -0.616179 3.790398
-2.257423 -0.632307 3.834544
-2.198905 -0.659102 3.869423
-2.086246 -0.693755 3.912883
-1.995065 -0.734169 3.944803
-1.920691 -0.786724 3.96915
-1.847526 -0.849964 3.992093
-1.780077 -0.923578 4.01191
-1.719992 -0.996423 4.027503
-1.649099 -1.013764 4.050445
-1.607341 -1.10378 4.052742
-1.562969 -1.191514 4.056289
-1.543309 -1.281041 4.050742
-1.528697 -1.375763 4.042653
-1.527551 -1.469828 4.025916
-1.539711 -1.559893 4.005063
-1.571851 -1.663819 3.975312
-1.5985 -1.736225 3.953249
-1.64822 -1.809758 3.923729
-1.711124 -1.860161 3.894456
-1.841417 -1.934133 3.813836
-1.920234 -2.023184 3.742788
-1.962751 -2.068831 3.67665
-2.018755 -2.099123 3.604887
-2.089025 -2.110746 3.526393
-2.144459 -2.098873 3.444076
-2.204224 -2.074155 3.367589
-2.265895 -2.023894 3.304384
-2.258977 -2.252782 2.839856
-2.342045 -2.147319 2.757142
-2.409524 -2.016308 2.690807
-2.469265 -1.890631 2.640319
-2.527759 -1.760671 2.604073
-2.621215 -1.472997 2.695181
-2.656292 -1.322638 2.686893
-2.648153 -1.410598 2.62652
-2.719383 -1.111449 2.602475
-2.738965 -0.98385 2.649088
-2.754522 -0.864494 2.707257
-2.776235 -0.800982 2.66744
-2.777749 -0.685665 2.743211
-2.734845 -0.683165 2.979186
-2.760466 -0.46995 2.923365
-2.739981 -0.486127 3.02913
-2.722284 -0.4082 3.156966
-2.697119 -0.341889 3.283469
-2.650065 -0.289491 3.395121
-2.595645 -0.251839 3.520589
-2.513173 -0.230151 3.631434
-2.424754 -0.221069 3.741637
-2.316581 -0.226355 3.816071
-2.199728 -0.248092 3.887457
-1.976883 -0.329771 3.975084
-1.947734 -0.332182 3.986794
-1.831732 -0.39491 4.031834
-1.719109 -0.458626 4.073718
-1.615326 -0.553473 4.097508
-1.519516 -0.646739 4.118846
-1.432864 -0.754502 4.136664
-1.356781 -0.867188 4.14712
-1.200781 -1.040789 4.170149
-1.220858 -1.057115 4.163199
-1.184972 -1.186836 4.15536
-1.157471 -1.321563 4.143012
-1.147758 -1.459571 4.126121
-1.151338 -1.599992 4.104847
-1.176566 -1.74032 4.076393
-1.219408 -1.880325 4.035821
-1.32475 -1.870489 4.010956
-1.425717 -1.995352 3.956171
-1.451485 -2.33392 3.868351
-1.682441 -2.19706 3.814053
-1.785773 -2.288982 3.719351
-1.84359 -2.521573 3.51984
-1.929655 -2.518467 3.379034
-2.022619 -2.491755 3.232526
-2.098015 -2.426533 3.078908
-2.179488 -2.338646 2.957632
-2.127913 -2.576244 2.493168
-2.233094 -2.40187 2.379659
-2.332551 -2.236985 2.290561
-2.413911 -2.069827 2.226141
-2.573624 -1.663035 2.298189
-2.63324 -1.511197 2.285488
-2.678369 -1.325312 2.282918
-2.706366 -1.199667 2.15823
-2.748127 -1.012269 2.210206
-2.763804 -0.94192 2.324457
-2.797369 -0.791295 2.41319
-2.808315 -0.706643 2.469682
-2.818404 -0.551758 2.573706
-2.806616 -0.411701 2.693779
-2.791656 -0.291402 2.823403
-2.769946 -0.126977 3.007457
-2.747024 -0.094698 3.145722
-2.750306 -0.009018 3.161744
-2.701689 0.059486 3.318223
-2.638738 0.106993 3.448904
-2.546225 0.141704 3.598264
-2.432942 0.15538 3.737917
-2.285993 0.143843 3.841285
-2.155635 0.121599 3.908963
-1.968675 0.070927 3.985972
-1.814217 0.017504 4.049914
-1.666449 -0.065195 4.097705
-1.525066 -0.158077 4.137548
-1.392014 -0.265208 4.174613
-1.1753 -0.436542 4.208453
-1.15138 -0.515875 4.20934
-1.048861 -0.65785 4.21817
-0.957482 -0.813261 4.222177
-0.882063 -0.975528 4.220615
-0.818926 -1.092894 4.219732
-0.729061 -1.254058 4.214898
-0.76305 -1.46324 4.193883
-0.759252 -1.644255 4.168994
-0.830115 -1.720415 4.144398
-0.882124 -1.907 4.101164
-0.965118 -2.08984 4.048985
-1.085893 -2.266716 3.979354
-1.255415 -2.486588 3.88679
-1.386014 -2.576104 3.801748
-1.538653 -2.679865 3.655866
-1.537364 -2.940944 3.422946
-1.667509 -2.931529 3.244114
-1.772802 -2.904352 2.961465
-1.897412 -2.824873 2.774586
-2.027999 -2.717269 2.630684
-1.923136 -2.862343 2.006587
-2.112404 -2.601959 1.943184
-2.256837 -2.362508 1.881187
-2.359352 -2.192552 1.812962
-2.551363 -1.719738 1.907001
-2.614722 -1.558366 1.883332
-2.656444 -1.423685 1.73434
-2.723416 -1.123157 1.799517
-2.76435 -0.939458 1.860147
-2.800679 -0.776439 1.927097
-2.812918 -0.643137 2.06438
-2.828631 -0.426247 2.17814
-2.836763 -0.314093 2.279737
-2.847944 -0.159748 2.443018
-2.850968 -0.020644 2.606134
-2.81416 0.111217 2.771546
-2.77332 0.231624 2.947446
-2.744661 0.288469 3.081806
-2.698621 0.374592 3.274924
-2.611901 0.436288 3.455534
-2.491887 0.472534 3.636087
-2.339623 0.483955 3.787269
-2.163482 0.47349 3.895504
-2.022063 0.557617 3.949599
-1.862532 0.427724 4.018436
-1.678743 0.348391 4.088007
-1.500814 0.253716 4.142673
-1.329822 0.142738 4.191095
-1.164846 0.011644 4.217085
-1.015764 -0.126643 4.238058
-0.877066 -0.283058 4.248999
-0.746637 -0.450959 4.255136
-0.632224 -0.627573 4.257554
-0.447768 -0.87886 4.257411
-0.5532 -1.1269 4.2424
-0.408542 -1.206555 4.2436
-0.369815 -1.427969 4.224389
-0.353284 -1.659324 4.200758
-0.278436 -1.973973 4.154936
-0.484033 -2.038001 4.124381
-0.570172 -2.279839 4.065503
-0.509964 -2.709114 3.95007
-0.870237 -2.814442 3.876536
-0.852977 -3.151297 3.699565
-1.052557 -3.279764 3.476359
-1.230209 -3.311177 3.229466
-1.40151 -3.266619 2.944032
-1.54436 -3.243436 2.656121
-1.700354 -3.111248 2.430213
-1.861855 -2.930809 2.233761
-1.819896 -2.970318 1.658856
-2.014221 -2.708172 1.536682
-2.141411 -2.466146 1.456885
-2.279862 -2.21548 1.40269
-2.356516 -2.029392 1.326337
-2.586962 -1.531639 1.496194
-2.620714 -1.322963 1.375476
-2.696226 -1.048961 1.451621
-2.750646 -0.849414 1.50403
-2.79634 -0.63381 1.587458
-2.826751 -0.452201 1.748789
-2.842317 -0.23738 1.884676
-2.854746 -0.065842 2.044262
-2.854298 0.071586 2.182302
-2.840446 0.262875 2.356569
-2.829108 0.419443 2.550221
-2.782995 0.551547 2.767673
-2.731707 0.664632 3.003739
-2.680285 0.762156 3.218343
-2.569877 0.833312 3.441909
-2.430048 0.872292 3.639204
-2.316704 0.855593 3.762165
-2.021564 0.850831 3.924402
-1.872676 0.785154 3.987926
-1.649886 0.714944 4.077435
-1.434036 0.619404 4.144904
-1.330028 0.566144 4.177866
-1.130012 0.43528 4.21498
-0.843287 0.233939 4.252084
-0.759733 0.124364 4.258722
-0.59638 -0.050161 4.270956
-0.455889 -0.242048 4.280322
-0.323964 -0.445507 4.282835
-0.20194 -0.12909 4.277142
-0.094383 -0.871111 4.26731
0.101414 -1.225738 4.248528
0.021827 -1.375667 4.239851
-0.013634 -1.57067 4.218631
-0.025333 -1.854429 4.187406
0.123891 -2.285273 4.091776
0.061709 -2.59742 4.009953
-0.049974 -2.912787 3.916811
-0.20919 -3.228483 3.774905
-0.40597 -3.457953 3.568377
-0.636834 -3.591041 3.281525
-0.853616 -3.598426 2.941482
-1.08293 -3.583266 2.633765
-1.254603 -3.479081 2.281226
-1.468233 -3.323662 2.031417
-1.637211 -3.18179 1.816456
-1.645118 -3.022234 1.210662
-1.857986 -2.752665 1.111169
-2.036759 -2.471403 1.02483
-2.227502 -2.143747 0.995906
-2.357356 -1.855532 0.999084
-2.470204 -1.571832 1.006041
-2.619389 -1.16625 1.184575
-2.653227 -0.928034 1.083216
-2.700071 -0.755598 1.127561
-2.757646 -0.413313 1.288143
-2.800061 -0.257383 1.458527
-2.836386 -0.086726 1.589689
-2.849771 0.134151 1.752561
-2.835201 0.335344 1.910244
-2.821014 0.531258 2.124875
-2.808591 0.702808 2.356418
-2.779198 0.858533 2.584291
-2.706497 0.991706 2.810932
-2.632148 1.105231 3.069283
-2.536677 1.193775 3.342459
-2.398312 1.24687 3.577355
-2.283427 1.232973 3.71847
-2.032481 1.199518 3.887081
-1.783025 1.148113 3.983612
-1.524693 1.053562 4.0839
-1.280154 0.943443 4.159357
-1.15224 0.873975 4.193322
-0.928856 0.733374 4.230106
-0.71521 0.55646 4.254502
-0.514384 0.372786 4.272189
-0.33791 0.177311 4.28821
-0.171209 -0.032656 4.295738
-0.014551 -0.259653 4.295188
0.204476 -0.556363 4.282975
0.239462 -0.730589 4.271889
0.376411 -1.036045 4.252681
0.406711 -1.295282 4.236415
0.379838 -1.546196 4.211512
0.395951 -1.860496 4.169084
0.576381 -2.322421 4.052611
0.537477 -2.692297 3.951622
0.451245 -3.053406 3.846554
0.29979 -3.395246 3.63869
0.096191 -2.339696 3.340911
-0.154815 -3.769876 2.975319
-0.423623 -3.824661 2.609905
-0.6516 -3.778508 2.197749
-0.904739 -3.673977 1.881531
-1.167738 -3.52067 1.604864
-1.393395 -3.295328 1.386708
-1.409888 -3.039795 0.801486
-1.641885 -2.72409 0.706639
-1.844706 -2.404752 0.654283
-2.023819 -2.103585 0.651906
-2.185894 -1.794482 0.657397
-2.336155 -1.475344 0.684835
-2.399324 -1.170659 0.652849
-2.552864 -0.794106 0.753056
-2.637038 -0.572911 0.870678
-2.713497 -0.310092 1.005422
-2.755805 -0.072217 1.142817
-2.742076 0.244109 1.135865
-2.796756 0.39903 1.496605
-2.813126 0.575919 1.656411
-2.805811 0.741225 1.880383
-2.757184 0.971625 2.12363
-2.715346 1.159355 2.372243
-2.664766 1.319315 2.646163
-2.580124 1.448489 2.940406
-2.484824 1.551821 3.210531
-2.336571 1.613759 3.480251
-2.205285 1.59806 3.655593
-1.954443 1.572252 3.853196
-1.668515 1.504783 3.974459
-1.383443 1.397433 4.080572
-1.116047 1.266928 4.160106
-0.964751 1.182964 4.196575
-0.609296 0.947496 4.247192
-0.484336 0.82059 4.25813
-0.270165 0.255861 4.276813
-0.092145 0.170617 4.290473
0.101752 0.176995 4.29618
0.40627 -0.173078 4.285138
0.446413 -0.323977 4.278777
0.712111 -0.700135 4.250648
0.840395 -0.99112 4.224349
0.899777 -1.258614 4.198297
0.947083 -1.604468 4.142611
0.998269 -1.942047 4.075965
1.033519 -2.332699 3.972022
1.020603 -2.712778 3.873524
0.962153 -3.103929 3.6976
0.805843 -3.42949 3.423932
0.590684 1.401768 3.048482
0.517969 -3.822554 2.470665
0.195315 -3.865813 2.090263
0.0 -3.892 1.6819
-0.417951 -3.759155 1.372899
-0.737344 -3.593019 1.101321
-1.048578 -3.348601 0.867242
-1.05093 -2.885482 0.46328
-1.245129 -2.596353 0.396847
-1.555767 -2.256857 0.396492
-1.756423 -1.949137 0.394745
-1.954752 -1.654694 0.416104
-2.123664 -1.321837 0.439458
-2.270607 -1.072023 0.488537
-2.442788 -0.742441 0.590735
-2.522187 -0.501508 0.653501
-2.571445 -0.17407 0.685279
-2.659959 0.128096 0.850396
-2.71238 0.386459 1.029658
-2.730787 0.628404 1.22625
-2.741981 0.80865 1.410534
-2.736286 1.017234 1.625352
-2.6882 1.281182 1.913895
-2.650231 1.451562 2.181211
-2.58627 1.630832 2.459915
-2.494101 1.774119 2.741758
-2.379026 1.898841 3.062544
-2.235682 1.984828 3.392993
-1.953979 1.906221 3.762509
-1.847634 1.946644 3.806462
-1.540249 1.867755 3.946638
-1.230611 1.739594 4.065376
-0.925578 1.559953 4.154182
-0.766052 1.49475 4.190921
-0.498697 1.306699 4.228814
-0.252944 1.096366 4.253003
-0.050577 0.872829 4.267529
0.171937 0.649964 4.278691
0.33945 0.37915 4.2845
0.55873 0.12696 4.273692
0.751368 -0.132532 4.259281
0.930164 -0.425887 4.243124
1.081986 -0.729284 4.210097
1.190066 -1.054909 4.171497
1.214106 -1.393392 4.120052
1.408795 -1.863991 3.988599
1.468126 -2.220138 3.893425
1.489958 -2.661987 3.707159
1.557917 -3.029479 3.283247
1.383695 -3.293398 2.894702
1.193972 -3.523193 2.530289
0.907434 -3.672864 2.11503
0.695936 -3.760201 1.725011
0.335145 -2.916116 1.329776
-0.026561 -3.686333 0.942019
-0.379059 -3.492464 0.70916
-0.861972 -3.218094 0.611721
-0.543633 -2.525907 0.250907
-1.035757 -2.325172 0.27573
-1.179876 -1.977337 0.225662
-1.482662 -1.742339 0.260861
-1.687081 -1.457045 0.274775
-1.879656 -1.171872 0.303623
-2.076696 -0.859112 0.347027
-2.090822 -0.566938 0.32722
-2.354373 -0.278823 0.461947
-2.418946 0.030723 0.494169
-2.562901 0.279206 0.684147
-2.597802 0.578634 0.785445
-2.664352 0.809339 1.002507
-2.634779 1.089422 1.175437
-2.62887 1.332099 1.429138
-2.634971 1.496614 1.662502
-2.535101 1.761154 1.969211
-2.466438 1.936037 2.253478
-2.395501 2.115131 2.570497
-2.244103 2.308186 2.761209
-2.157991 2.325449 3.083217
-2.043916 2.357676 3.349498
-1.81466 2.365683 3.646773
-1.324282 2.304195 3.911096
-1.0569 2.089067 4.029556
-0.738307 1.920915 4.11864
-0.434882 1.69764 4.193178
-0.276223 1.582529 4.212188
-0.000854 1.36681 4.241129
0.15645 1.0703 4.25635
0.438662 0.890116 4.257366
0.803849 0.497831 4.250323
0.868962 0.352306 4.248489
1.066094 0.050255 4.231382
1.250042 -0.237289 4.201964
1.514922 -0.669497 4.11871
1.535897 -0.888311 4.09798
1.676358 -1.324153 3.997051
1.791696 -1.620733 3.914055
1.952857 -2.081286 3.678917
1.983778 -2.506957 3.298582
1.869835 -0.3435 2.950044
1.744329 -1.057501 2.583977
1.525228 -3.282198 2.19436
1.33034 -3.423982 1.829924
1.052455 -3.229591 1.393929
0.72857 0.938764 0.990715
0.356482 -3.446637 0.664516
-0.029658 -3.199205 0.447353
-0.364794 -2.929176 0.349873
-0.384387 -2.332324 0.177827
-0.655816 -2.020319 0.138247
-1.001399 -1.804847 0.150762
-1.225003 -1.519218 0.149198
-1.435682 -1.234944 0.160732
-1.625234 -0.950352 0.181396
-1.799209 -0.684744 0.224131
-1.95246 -0.419878 0.266975
-2.120771 -0.122259 0.326264
-2.250385 0.166563 0.384561
-2.308865 0.488469 0.441023
-2.414226 0.757708 0.560638
-2.484243 1.036342 0.722096
-2.516281 1.311512 0.919251
-2.508842 1.566552 1.183562
-2.472126 1.788689 1.428769
-2.437534 2.009652 1.716882
-2.312781 2.269767 1.983805
-2.19116 2.471385 2.306531
-2.15438 2.532367 2.562473
-2.000125 2.657792 2.902113
-1.724851 2.803369 3.332952
-1.647239 2.735337 3.526787
-1.182173 2.675208 3.837584
-0.845921 2.493067 3.965732
-0.422944 2.213372 4.093006
-0.212923 2.028956 4.144896
0.08372 1.79892 4.192624
0.24025 1.624987 4.209282
0.604229 1.277768 4.224166
0.73095 1.13131 4.22515
0.951522 0.853157 4.220898
1.118558 0.557672 4.212711
1.379423 0.256762 4.178519
1.571332 -0.040963 4.126363
1.744411 -0.382195 4.067486
1.913526 -0.880176 3.96383
2.056715 -1.088022 3.890213
2.209958 -1.52835 3.680618
2.254137 -1.866429 3.447524
2.227018 -2.180261 3.16192
2.144197 0.269685 2.650295
2.027107 2.680046 2.379972
1.852477 0.410637 1.959033
1.651301 -2.117973 1.525336
1.375888 -3.231663 1.114284
1.053052 -3.24845 0.728702
0.673304 -3.080306 0.46056
0.294993 -2.852905 0.324458
-0.060912 -2.576346 0.233059
-0.108283 -2.020083 0.099431
-0.384226 -1.77208 0.061757
-0.639206 -1.521272 0.051237
-0.859226 -1.237028 0.045349
-1.082536 -1.000598 0.053648
-1.353961 -0.777759 0.092234
-1.447285 -0.466341 0.098466
-1.686971 -0.214791 0.160863
-1.758385 0.084077 0.179208
-1.908919 0.358451 0.24758
-2.062368 0.647776 0.323169
-2.143778 0.906964 0.379947
-2.282942 1.219539 0.526673
-2.343903 1.504026 0.705796
-2.353764 1.777101 0.92738
-2.317021 2.054555 1.182653
-2.278418 2.240725 1.461145
-2.150997 2.537976 1.740832
-2.091725 2.636245 2.009341
-1.958534 2.822795 2.349845
-1.795742 2.961822 2.701441
-1.591771 3.065371 3.090074
-1.351914 3.095655 3.428263
-1.117172 3.029502 3.666535
-0.607587 2.835727 3.902425
-0.163463 2.51534 4.030268
0.147699 2.264741 4.095538
0.339273 2.069055 4.130388
0.649619 1.795873 4.155153
0.6432 1.6378 4.1865
1.158375 1.219352 4.156965
1.25046 1.08068 4.153012
1.456998 0.70368 4.13302
1.646662 0.355407 4.097354
1.951669 -0.013101 3.994538
1.992905 -0.255686 3.970799
2.17826 -0.592369 3.885908
2.30641 -0.913973 3.760365
2.445174 -1.213532 3.526347
2.469457 -1.526975 3.288025
2.422241 -1.968368 2.720365
2.373833 -2.110255 2.541469
2.195291 0.356461 2.04228
2.115319 1.358849 1.671194
1.918795 -0.06421 1.328725
1.647022 -2.861442 0.880253
1.302078 -2.85034 0.54666
0.914379 -2.728446 0.358587
0.545192 -2.470582 0.2353
0.264781 -2.224144 0.148338
0.150523 -1.727217 0.049835
-0.109836 -1.483334 0.022592
-0.368682 -1.27391 0.008742
-0.557342 -1.048151 0.003947
-0.901609 -0.854524 0.022574
-1.01398 -0.552998 0.021531
-1.188054 -0.269203 0.038487
-1.354981 -0.019209 0.060621
-1.498468 0.243464 0.105716
-1.629848 0.512334 0.153311
-1.845342 0.750926 0.247793
-1.911748 1.0843 0.3028
-2.012559 1.366748 0.382287
-2.101599 1.673141 0.511931
-2.150706 1.983195 0.704399
-2.172802 2.230577 0.989017
-2.016142 2.562113 1.169783
-1.953772 2.768239 1.494661
-1.902053 2.8859 1.768904
-1.724535 3.084228 2.112131
-1.558268 3.258164 2.477951
-1.324598 3.349977 2.846264
-0.95568 3.433281 3.322074
-0.642985 3.343522 3.606792
-0.241973 3.101054 3.837275
0.037566 2.942626 3.908445
0.38895 2.584338 3.999947
0.703446 2.277063 4.049814
0.969315 1.971056 4.076526
1.033105 1.946473 4.068553
1.303462 1.640518 4.063933
1.556387 1.209942 4.056056
1.744263 0.869817 4.030483
2.05167 0.540498 3.93872
2.147195 0.266637 3.908132
2.305818 -0.070227 3.831302
2.447141 -0.395494 3.698692
2.575572 -0.652846 3.500915
2.621525 -0.945194 3.28024
2.61649 -1.244249 2.988578
2.60103 -1.566373 2.618686
2.512256 -1.819339 2.267587
2.424853 -2.041949 1.901141
2.31118 -2.199809 1.495574
2.085164 -2.399405 1.046067
1.832871 -2.492228 0.693797
1.549991 -2.406344 0.45283
1.155777 -2.288311 0.291144
0.825071 -2.101319 0.177566
0.504255 -1.894264 0.096619
0.376752 -1.437473 0.026278
0.119509 -1.22383 0.000877
-0.098808 -0.991389 -0.011593
-0.329169 -0.788257 -0.016569
-0.5682 -0.608156 -0.012452
-0.769632 -0.339983 -0.006194
-1.013516 -0.135202 0.011092
-1.097596 0.139793 0.02365
-1.235696 0.397811 0.048288
-1.369046 0.651588 0.087951
-1.490663 0.92321 0.143052
-1.607576 1.202258 0.210489
-1.720815 1.513581 0.2948
-1.812499 1.817319 0.38219
-1.871761 2.126787 0.518537
-1.886298 2.448107 0.72401
-1.786392 2.753825 0.940472
-1.75863 2.881436 1.166961
-1.663626 3.092854 1.49616
-1.479809 3.315243 1.852186
-1.249074 3.4831 2.211977
-1.036844 3.61234 2.594915
-0.759378 3.632685 2.959393
-0.32867 3.603536 3.375601
0.007621 3.43996 3.633636
0.393303 3.137045 3.80875
0.716869 2.869524 3.8799
0.957939 2.512805 3.939107
1.304375 2.190691 3.94239
1.533818 1.860862 3.949964
1.622331 1.760318 3.941217
2.000519 1.399954 3.866397
2.03789 1.252806 3.877651
2.215076 0.832665 3.833022
2.412099 0.499859 3.732863
2.581172 0.070766 3.561184
2.636291 -0.167676 3.44471
2.716805 -0.386271 3.195698
2.73209 -0.68074 2.995274
2.735809 -1.009822 2.635251
2.691064 -1.268339 2.341154
2.652229 -1.442608 2.087837
2.567873 -1.655038 1.638743
2.404839 -1.876646 1.269833
2.258826 -2.008977 0.919845
2.013378 -2.047609 0.609238
1.695295 -2.027437 0.387289
1.343575 -1.908934 0.252054
0.98524 -1.823835 0.150922
0.670923 -1.652209 0.06946
0.459028 -1.269986 0.014213
0.304139 -0.974553 -0.008673
0.114525 -0.779494 -0.023017
-0.115817 -0.188301 -0.034992
-0.197187 -0.275779 -0.042695
-0.513489 -0.139789 -0.028162
-0.690461 0.056467 -0.014733
-0.843477 0.302692 -0.001646
-0.978667 0.533578 0.015863
-1.104687 0.790329 0.045395
-1.216963 1.042865 0.083613
-1.31473 1.324516 0.142831
-1.405504 1.609275 0.211471
-1.479636 1.928271 0.295095
-1.547139 2.251405 0.390542
-1.56726 2.565741 0.535118
-1.489197 2.918606 0.730971
-1.4977 3.062365 0.925117
-1.34378 3.284363 1.218932
-1.204711 3.476555 1.543478
-1.003879 3.633039 1.836604
-0.665613 3.772721 2.291892
-0.443536 3.807202 2.669406
0.009339 3.636543 3.076061
0.331903 1.018951 3.335188
0.654064 3.406162 3.547732
1.018856 3.079684 3.683801
1.341827 2.740678 3.755949
1.587039 2.410549 3.7785
1.809877 2.088194 3.780934
1.969867 1.893466 3.758116
2.09445 1.818874 3.682139
2.371718 1.24397 3.609936
2.45505 0.960927 3.585684
2.637265 0.480085 3.392912
2.682069 0.282774 3.325852
2.737294 0.048996 3.216892
2.782843 -0.363075 2.84336
2.810137 -0.427211 2.668426
2.811422 -0.66376 2.466764
2.726509 -1.109269 2.094336
2.71214 -1.173749 1.755198
2.625706 -1.370732 1.457824
2.473589 -1.567525 1.014259
2.340903 -1.618302 0.780975
2.099398 -1.654844 0.504617
1.938309 -1.583257 0.38888
1.481706 -1.639039 0.241014
1.153805 -1.480464 0.127463
0.861248 -1.340843 0.054351
0.774773 -0.894505 0.010711
0.520475 -0.732978 -0.010728
0.314532 -0.533678 -0.029753
0.089059 -0.355197 -0.042939
-0.118251 -0.17059 -0.046471
-0.229154 0.047721 -0.044422
-0.44357 0.223262 -0.03237
-0.665781 0.400581 -0.012221
-0.71769 0.680646 -0.001626
-0.839952 0.916687 0.019784
-0.935113 1.150475 0.047058
-1.02586 1.425011 0.091245
-1.090156 1.704029 0.150484
-1.144194 1.994504 0.220431
-1.178724 2.31755 0.303794
-1.203093 2.643565 0.404331
-1.130743 2.976927 0.548191
-1.18012 3.101054 0.677834
-1.03074 3.423561 0.960318
-0.830462 3.593943 1.253669
-0.649328 3.743061 1.541167
-2.026582 2.712356 1.600023
-0.124422 3.87532 2.336003
0.3242 2.374108 2.703863
0.649679 1.038721 2.959813
0.947781 2.543006 3.21338
1.237015 3.230312 3.35526
1.556673 2.907728 3.437533
1.78436 2.608949 3.493242
1.987534 2.296627 3.508375
2.180138 2.082045 3.400543
2.256781 1.975286 3.359253
2.416297 1.664716 3.286224
2.528426 1.303535 3.308219
2.618154 0.83344 3.339921
2.740056 0.59446 2.985758
2.808895 0.398835 2.686309
2.841477 0.020904 2.657745
2.852468 -0.097315 2.313262
2.822911 -0.505212 2.26932
2.817157 -0.584649 1.795091
2.773071 -0.74476 1.503996
2.661395 -0.99373 1.203324
2.526195 -1.277779 0.924315
2.379189 -1.36789 0.685745
2.116318 -1.386675 0.450534
1.924244 -1.358974 0.345891
1.600335 -1.267678 0.217093
1.301109 -1.151022 0.11681
1.027122 -1.033385 0.049531
0.940172 -0.622901 0.01505
0.721227 -0.480473 -0.006668
0.496319 -0.311115 -0.026086
0.303008 -0.172772 -0.040535
0.118853 0.012521 -0.048525
-0.07822 0.216575 -0.046302
-0.222876 0.381687 -0.039056
-0.37371 0.562565 -0.02513
-0.452361 0.803939 -0.010939
-0.567213 1.021426 0.0033
-0.645556 1.257342 0.026822
-0.726481 1.51027 0.056318
-0.770709 1.778402 0.10775
-0.809599 2.045841 0.164712
-0.817147 2.333851 0.236178
-0.813424 2.666911 0.323083
-0.740011 2.973399 0.421867
-0.773615 3.162632 0.530922
-0.651144 3.439289 0.741498
-0.48907 3.657797 1.003487
-0.279936 3.75358 1.276008
-0.125302 3.850645 1.583119
0.194791 3.865883 1.933845
0.640699 3.783005 2.323779
0.919564 3.662834 2.586914
1.205722 3.45603 2.776488
1.458642 3.224826 2.944833
1.781485 2.881459 3.002698
1.948918 1.480711 3.103954
2.126491 1.293719 3.124266
2.324642 2.030065 3.076453
2.40814 1.886786 2.944316
2.546821 1.565306 2.883891
2.622193 1.324407 2.864438
2.703598 1.01688 2.796607
2.79486 0.731461 2.631325
2.822851 0.505856 2.498871
2.842218 0.238378 2.331841
2.857755 0.02384 2.131427
2.847487 -0.166 1.857441
2.821161 -0.422432 1.639477
2.764792 -0.60602 1.403593
2.683799 -0.796786 1.090195
2.5625 -0.911517 0.828635
2.40279 -1.108522 0.640438
2.178546 -1.138173 0.43722
1.978126 -0.98099 0.319291
1.685308 -0.921131 0.200364
1.422918 -0.834886 0.116196
1.06868 -0.848513 0.043661
1.088778 -0.342313 0.025517
0.887684 -0.234936 0.00043
0.684212 -0.078816 -0.015069
0.530052 0.035649 -0.0274
0.319571 0.189415 -0.039565
0.168255 0.385719 -0.040433
0.007477 -0.335624 -0.037256
-0.112556 0.716978 -0.026832
-0.183805 0.862494 -0.017018
-0.338133 1.101297 -0.001557
-0.414259 1.324707 0.016357
-0.470408 1.551708 0.042343
-0.4493 1.829582 0.078359
-0.466754 2.069782 0.130065
-0.471517 2.335702 0.188119
-0.423033 2.602981 0.258693
-0.347 2.958057 0.357739
-0.26524 3.193326 0.460394
-0.304509 3.312374 0.535463
-0.103297 3.571143 0.772691
0.013198 3.705729 0.970435
0.310731 -0.157098 1.31127
0.498765 2.741138 1.581647
0.932842 3.662376 1.96838
1.179923 3.53341 2.191559
1.412385 3.364295 2.382295
1.633926 2.609838 2.549462
1.830791 0.444433 2.659808
2.02447 -1.637594 2.715103
2.240836 0.499445 2.683387
2.3596 2.132572 2.711484
2.402986 2.062361 2.634742
2.571231 1.629572 2.642909
2.645604 1.415957 2.633655
2.731493 1.086909 2.508914
2.757774 0.968975 2.332006
2.811224 0.666436 2.12683
2.8165 0.593565 2.0142
2.841568 0.24741 1.850741
2.826109 0.011159 1.503623
2.80258 -0.112425 1.414767
2.744775 -0.324262 1.182249
2.669646 -0.46863 0.925727
2.592491 -0.679392 0.789777
2.471061 -0.609775 0.599653
2.192786 -0.763948 0.391322
2.031273 -0.634354 0.309927
1.765113 -0.584545 0.202211
1.534703 -0.532284 0.12751
1.305573 -0.448779 0.059904
1.163242 -0.159093 0.033618
0.958936 -0.075855 0.004737
0.891644 0.162124 0.000336
0.643768 0.259946 -0.016164
0.560901 0.436447 -0.018025
0.349521 0.527328 -0.028163
0.256493 0.694778 -0.023889
0.070735 0.810351 -0.021461
0.017131 0.988367 -0.012333
-0.060287 1.186256 -0.001535
-0.134035 1.394817 0.013277
-0.163875 1.590135 0.035055
-0.193829 1.823054 0.060939
-0.13145 2.072567 0.111507
-0.118162 2.30442 0.161519
-0.066718 2.540604 0.222681
0.045407 2.827722 0.307058
0.126521 3.07682 0.391887
0.117159 3.207603 0.457552
0.274983 3.403082 0.614735
0.44764 2.164098 0.802193
0.77405 1.546311 1.172163
0.990784 3.570409 1.418662
1.028036 3.577108 1.504086
1.386642 3.383023 1.837397
1.580122 3.24227 1.992489
1.779675 0.596103 2.151672
1.941097 -1.634168 2.238371
2.091375 -1.79326 2.31809
2.232689 0.159636 2.36703
2.358749 1.901761 2.364008
2.464904 1.939942 2.37782
2.561 1.695196 2.291619
2.660955 1.403444 2.152756
2.718181 1.146646 2.160805
2.730439 1.091642 1.966899
2.767879 0.923631 1.85718
2.802028 0.7704 1.697492
2.801105 0.495575 1.558786
2.787654 0.298089 1.40687
2.762105 0.142458 1.205352
2.727694 -0.017993 0.981599
2.636013 -0.139535 0.799535
2.543789 -0.330409 0.664955
2.384823 -0.390794 0.488574
2.203488 -0.431036 0.368713
2.067655 -0.284688 0.309549
1.824916 -0.267632 0.210989
1.557553 -0.321852 0.124866
1.328408 -0.27497 0.05942
1.290951 0.098554 0.051956
1.131243 0.214156 0.029449
0.961961 0.301737 0.006561
0.785594 0.419214 -0.003863
0.654363 0.540249 -0.009443
0.494737 0.633633 -0.015708
0.396508 0.753827 -0.015571
0.415911 1.000055 -0.003654
0.288524 1.10364 -0.002521
0.227248 1.288512 0.005614
0.160203 1.409865 0.015303
0.149937 1.629385 0.039136
0.128154 1.836325 0.061426
0.141133 2.016999 0.099719
0.16833 2.213773 0.143281
0.280927 2.450674 0.204501
0.404736 2.666492 0.274664
0.493587 2.923939 0.358617
0.599577 3.069477 0.44045
0.741176 3.222511 0.571763
0.716268 3.28924 0.621366
1.078401 3.363433 0.919469
1.238691 3.341816 1.151184
1.393494 3.279459 1.330376
1.55382 3.206189 1.485015
1.694559 1.958053 1.650948
1.864344 -0.573739 1.776512
1.996302 -2.396948 1.848738
2.140388 -1.115907 1.929306
2.258309 0.513724 1.984678
2.359302 1.909408 1.986707
2.41516 2.066637 1.897372
2.492102 1.87067 1.825072
2.57017 1.671835 1.790999
2.630384 1.518478 1.702679
2.655017 1.393391 1.638829
2.707035 1.097638 1.565676
2.72175 0.92609 1.441854
2.733885 0.685537 1.265913
2.721459 0.55726 1.147037
2.703025 0.40833 0.989495
2.618516 0.372204 0.798133
2.567676 0.190071 0.682075
2.539363 0.134419 0.641853
2.357074 -0.015098 0.450635
2.222728 -0.073255 0.366012
2.065467 0.06083 0.302142
1.80071 -0.056836 0.19506
1.625216 -0.000752 0.138019
1.543029 0.147772 0.116855
1.414996 0.40658 0.08549
1.309076 0.463579 0.060877
1.11636 0.563719 0.036514
0.994902 0.661 0.024235
0.853206 0.743131 0.009811
0.78114 0.869922 0.009733
0.714372 0.966544 0.008753
0.634848 1.113815 0.013627
0.57701 1.219293 0.017622
0.528039 1.391114 0.030807
0.492073 1.50328 0.039131
0.482344 1.66255 0.054506
0.53136 1.872279 0.094364
0.47482 1.969876 0.109882
0.510159 2.138952 0.148267
0.566028 2.303395 0.190035
0.692681 2.467786 0.251883
0.652468 2.547285 0.269835
0.932811 2.839154 0.403862
1.111428 2.953621 0.51795
1.170458 3.030993 0.615441
1.317042 3.081421 0.764427
1.465954 3.063377 0.893537
1.595589 3.025232 1.047113
1.693276 2.981485 1.251414
1.823219 2.170849 1.319647
1.975781 -0.21846 1.36649
2.05576 -1.043823 1.449091
2.165357 -0.592359 1.590859
2.086607 -0.042041 1.31014
2.330135 1.628495 1.61959
2.438599 1.965831 1.603545
2.527427 1.748108 1.619775
2.496302 1.736786 1.447107
2.542983 1.543666 1.305613
2.5894 1.401754 1.303001
2.615683 1.234676 1.24535
2.635023 1.078125 1.163483
2.643834 0.935384 1.042366
2.625449 0.814692 0.916034
2.601746 0.790459 0.854573
2.531566 0.59768 0.673831
2.458989 0.503493 0.575086
2.339236 0.430913 0.459105
2.299347 0.307601 0.425406
2.208137 0.388357 0.369349
1.961519 0.30655 0.267336
1.854439 0.280522 0.22331
1.707364 0.288571 0.168478
1.546454 0.365494 0.122516
1.497896 0.714668 0.128612
1.383792 0.736213 0.097515
1.298896 0.814453 0.081574
1.232678 0.895288 0.072537
1.127894 0.956537 0.057056
1.045153 1.044217 0.052367
0.974119 1.154317 0.051829
0.949789 1.25146 0.055784
0.871566 1.351776 0.056256
0.839063 1.46779 0.063239
0.82159 1.5634 0.076087
0.806114 1.66371 0.090619
0.794267 1.782338 0.111808
0.742538 1.887254 0.124768
0.846516 2.050742 0.170829
0.890136 2.160302 0.204498
0.885687 2.278569 0.234757
1.021816 2.346366 0.278638
1.182777 2.527924 0.357192
1.288466 2.62152 0.422506
1.38975 2.671464 0.486769
1.496147 2.718979 0.587497
1.604633 2.729413 0.680893
1.716582 2.710148 0.788024
1.826594 2.657501 0.876032
1.931495 2.586244 0.943156
2.025876 2.033443 1.049543
2.096776 1.341752 1.125302
2.167932 0.944 1.162216
2.247483 1.351236 1.17839
2.325212 2.04646 1.206954
2.375232 1.933124 1.233701
2.361453 1.89551 1.095151
2.470645 1.638073 1.134406
2.517244 1.524909 1.144905
2.550056 1.391379 1.083578
2.509499 1.379949 0.937137
2.509842 1.26032 0.881571
2.504267 1.157458 0.821387
2.51746 1.004646 0.777342
2.443377 0.963692 0.650395
2.429917 0.828831 0.598362
2.31887 0.82671 0.484299
2.286194 0.806826 0.459666
2.137784 0.650458 0.352696
2.186575 0.736982 0.38321
2.0459 0.727286 0.32365
1.929773 0.745785 0.280136
1.767845 0.638422 0.207936
1.564108 0.692971 0.146071
1.651423 1.066013 0.207033
1.595137 1.1034 0.192138
1.53144 1.143101 0.176383
1.396031 1.12892 0.13942
1.329267 1.156496 0.124756
1.330008 1.275685 0.139578
1.221591 1.31084 0.119537
1.185249 1.386559 0.121679
1.159665 1.439705 0.123163
1.141828 1.495553 0.126803
1.125452 1.566319 0.133888
1.127952 1.666247 0.151232
1.139126 1.765816 0.17015
1.152452 1.855267 0.190458
1.199743 1.976679 0.230626
1.189007 2.002898 0.233905
1.218469 2.07194 0.257409
1.272319 2.13609 0.286067
1.403403 2.253127 0.346809
1.487295 2.306573 0.385939
1.570233 2.354428 0.441296
1.644681 2.363515 0.477638
1.728392 2.366129 0.521195
1.80868 2.370691 0.599655
1.845786 2.379614 0.640683
1.953223 2.32297 0.71149
2.014282 2.275554 0.764889
2.080279 2.214725 0.814919
2.14099 2.141212 0.842869
2.118407 2.074548 0.735811
2.242469 1.975619 0.862517
2.252009 1.944629 0.857397
2.317731 1.814375 0.885715
2.336741 1.685966 0.824557
2.358692 1.600327 0.80182
2.377627 1.511709 0.770923
2.383398 1.427255 0.717608
2.370652 1.346417 0.667038
2.3324 1.31495 0.61125
2.395299 1.308928 0.684878
2.323726 1.303476 0.597818
2.322226 1.186723 0.564915
2.30792 1.232655 0.560043
2.278165 1.201114 0.51605
2.029285 1.111013 0.350418
2.051722 1.036895 0.352716
1.929972 1.04603 0.306213
1.900307 1.042319 0.294369
1.784467 1.005776 0.246209
1.711026 1.035198 0.224039
1.744862 1.356515 0.281328
1.607944 1.392074 0.237308
1.667916 1.367693 0.255351
1.569737 1.37618 0.221395
1.58161 1.395757 0.228398
1.547254 1.434144 0.222809
1.485947 1.422877 0.201441
1.465614 1.474579 0.204844
1.448919 1.527004 0.209526
1.435594 1.580253 0.21542
1.427187 1.626322 0.221501
1.426101 1.662906 0.228082
1.352413 1.715273 0.21487
1.354886 1.734959 0.219371
1.441653 1.777161 0.254583
1.457743 1.819326 0.26761
1.547434 1.935026 0.317647
1.521037 1.955875 0.313309
1.581684 2.027621 0.345915
1.610382 2.026453 0.354698
1.707587 2.055762 0.403037
1.750801 2.066736 0.429755
1.77954 2.049327 0.439534
1.83128 2.070718 0.474193
1.876746 2.064608 0.496593
1.920961 2.049374 0.52096
1.963832 2.018947 0.544638
2.004647 1.983405 0.563368
2.043493 1.950705 0.581853
2.07984 1.913283 0.595181
2.108997 1.868977 0.604886
2.13192 1.826386 0.611713
2.151598 1.782043 0.614202
2.167313 1.73674 0.611914
2.178536 1.691662 0.604764
2.183585 1.646846 0.590925
2.18436 1.602676 0.572654
2.180456 1.561098 0.550347
2.171681 1.523741 0.524498
2.117142 1.510165 0.480713
2.105861 1.467639 0.463596
2.115142 1.414678 0.45655
2.095647 1.384256 0.437318
1.964932 1.459633 0.375469
2.016191 1.346354 0.37961
1.968798 1.337558 0.358831
1.913788 1.329177 0.337959
1.86864 1.332887 0.322318
1.826602 1.339978 0.308266
1.784153 1.351967 0.294755
1.855361 1.67783 0.366063
