1251 3.13616e-15 1 1.60874e-15
1534 0.358256 0.232178 0.409566
1276 0.307793 0.237318 0.454889
689 0.628689 0.119495 0.251817
689 0.35341 0.206805 0.439785
1789 0 0.5 0.5
1529 0.477165 0.0579505 0.464885
839 0.299722 0.427471 0.272807
838 0.350435 0.298116 0.351449
695 0.448045 0.0797487 0.472206
1039 0.40301 0.305212 0.291778
1456 0.272919 0.158196 0.568885
1087 0.211901 0.0447414 0.743357
93 0.333216 0.365907 0.300877
282 0.090229 0.413738 0.496033
1687 0.221651 0.462625 0.315724
1687 0.528126 0.242343 0.22953
1686 0.57647 0.214404 0.209126
336 0.0607202 0.801118 0.138162
1217 0.622926 0.180663 0.196411
755 0.16835 0.232581 0.599069
2353 0.0724072 0.810677 0.116915
1688 0.182058 0.66516 0.152782
2130 0.0820864 0.144647 0.773267
570 0.873268 0.0411704 0.0855611
570 0.000315541 0.13458 0.865104
1387 0.0595727 0.53445 0.405977
286 0.111829 0.871778 0.016393
101 0.325247 0.436458 0.238295
286 0.637778 0.306397 0.0558247
684 0.0538167 0.275317 0.670867
1223 0.143571 0.311566 0.544864
2391 0.590787 0.352963 0.0562497
1396 0.10312 0.37956 0.51732
1797 0.193277 0.237895 0.568828
1796 0.607916 0.211246 0.180838
1828 0.132119 0.0679899 0.799891
2375 0.0430642 0.408829 0.548107
533 0.599886 0.332565 0.0675486
936 0.530542 0.160859 0.308598
1553 0.377338 0.278975 0.343687
1553 0.454634 0.538996 0.00637026
14 0.570566 0.342537 0.0868966
14 0.169504 0.26026 0.570237
69 0.244094 0.732851 0.0230553
141 0.197017 0.253612 0.549371
1188 0.0321521 0.119053 0.848795
1975 0.10462 0.483147 0.412233
1514 0.195166 0.0133267 0.791508
1514 0.86608 0.0505282 0.0833921
773 0.197478 0.081528 0.720994
24 0.248849 0.621802 0.129349
935 0.5 0 0.5
935 0.103543 0.672851 0.223605
952 0.434354 0.0169797 0.548666
1337 0.194699 0.654936 0.150365
1337 0.62393 0.142767 0.233303
150 0.428812 0.228466 0.342722
240 0.414093 0.466899 0.119008
1106 0.0705729 0.683996 0.245431
2300 0.664406 0.0959811 0.239613
2301 0.413374 0.483615 0.103012
1779 0.0815529 0.450505 0.467942
759 0.5 0.5 0
2234 0.272872 0.128153 0.598975
2235 0.397736 0.367602 0.234661
169 0.378076 0.374283 0.247641
1440 0.497975 0.204069 0.297956
1440 0.0402926 0.555103 0.404605
2145 0.0494073 0.881334 0.0692588
2112 0.0988464 0.389161 0.511992
224 0.108331 0.415512 0.476157
1294 0.498613 0.158761 0.342626
1294 0.240083 0.746456 0.0134608
735 0.145835 0.0360155 0.81815
2422 0.230664 0.499686 0.26965
1050 0.0804462 0.338994 0.58056
819 0.0031995 0.663552 0.333248
1893 0.04565 0.448634 0.505716
1594 0.700743 0.107045 0.192212
2242 0.0572196 0.868141 0.0746396
1449 0 0.5 0.5
862 0.663775 0.203087 0.133139
418 0.526971 0.260696 0.212333
2288 0.0378927 0.331687 0.63042
1078 0.35833 0.292549 0.349121
3 0.5 0 0.5
1767 0.5 0 0.5
574 0.105287 0.225557 0.669156
96 0.398072 0.3166 0.285329
1118 0.178691 0.56447 0.256839
479 0.6176 0.028914 0.353486
479 0.0845998 0.213133 0.702267
306 0.00503038 0.085962 0.909008
503 0.872394 0.12147 0.006136
2110 0.74937 0.138374 0.112256
993 0.0463818 0.399888 0.553731
2025 0.425859 0.222589 0.351552
1246 0.0131785 0.231552 0.755269
397 0.111061 0.366689 0.52225
1654 0.627922 0.243251 0.128827
1654 0.324382 0.0140024 0.661616
1596 0.00432932 0.0712937 0.924377
1597 0.649705 0.0545051 0.29579
932 0.0881519 0.844791 0.0670571
812 0.23226 0.696022 0.0717178
812 0.765251 0.101706 0.133043
1094 0.53934 0.101242 0.359418
813 0.293328 0.33808 0.368593
35 0.279224 0.690422 0.0303543
813 0.0258124 0.651175 0.323013
1943 0.020912 0.93528 0.0438076
1943 0.571562 0.401815 0.0266236
1419 0.473741 0.291715 0.234544
2271 0.136123 0.458043 0.405834
1607 0.424324 0.107591 0.468085
663 0.292338 0.554195 0.153468
1619 0.852845 0.0407771 0.106378
244 0.0548174 0.351107 0.594076
656 0.0587028 0.915757 0.0255402
338 0.605418 0.0623631 0.332219
1604 0.618217 0.113854 0.267929
338 0.110192 0.785709 0.104098
1708 0.153708 0.215908 0.630384
559 0.0642252 0.0393145 0.89646
1154 0.172167 0.409832 0.418001
1715 0.428321 0.360155 0.211525
1714 0.405485 0.556062 0.0384524
505 0.501925 0.163014 0.335061
2247 0.542986 0.40522 0.0517941
1367 0.2362 0.591191 0.172609
1366 0.666284 0.0120995 0.321616
79 0.0377143 0.368076 0.59421
215 0.245114 0.392007 0.362879
1958 0.396985 0.54241 0.0606049
1397 0.561124 0.370832 0.0680448
1858 0.361027 0.272596 0.366378
761 0.223685 0.365125 0.41119
758 0.482452 0.139777 0.377772
268 0.100169 0.388286 0.511545
1977 0.793904 0.0300649 0.176031
757 0.0489073 0.714051 0.237042
2028 0.794742 0.00426857 0.200989
367 0.440968 0.0332882 0.525744
2103 0 1 0
2313 0.656858 0.105135 0.238006
225 0.792751 0.110061 0.0971882
1176 0.0634251 0.66001 0.276565
789 0.145945 0.291909 0.562146
789 0.582006 0.0953753 0.322619
1759 0.0721489 0.263862 0.66399
155 0.0757387 0.434907 0.489354
2155 0.5 0.5 0
2155 0.0489911 0.814853 0.136156
1117 0.301988 0.69273 0.00528208
1725 0.0801504 0.895224 0.0246251
30 0.278178 0.0383317 0.68349
1627 0.204166 0.0153576 0.780476
1627 0.175852 0.808086 0.0160618
1626 0.5 0 0.5
796 0.226898 0.213572 0.559531
2158 0.185079 0.351823 0.463098
2158 0.875441 0.0350327 0.089526
899 0.115528 0.592988 0.291484
324 0.500986 0.373295 0.125719
324 0.698972 0.0396697 0.261358
453 0.0163698 0.161023 0.822607
1553 0.60569 0.00755068 0.386759
1319 0.649187 0.101964 0.248849
1608 0.375161 0.334222 0.290616
2019 0.049732 0.500387 0.449881
1541 0.247347 0.195059 0.557594
1541 0.0849746 0.141674 0.773352
1593 0.341049 0.0347131 0.624238
1736 0.279784 0.0926241 0.627592
1510 0.643035 0.273599 0.0833654
2273 0 0.5 0.5
903 0.0339431 0.187498 0.778559
742 0.274578 0.350758 0.374664
2206 0.829654 0.00190644 0.16844
1333 0.408061 0.191532 0.400407
1333 0.0972944 0.898232 0.0044737
1333 0 1 0
2412 0.414065 0.245971 0.339964
1717 0.178553 0.0439578 0.777489
1173 0.436504 0.112293 0.451203
705 0.0351898 0.465554 0.499256
705 0.270961 0.0726731 0.656366
705 0.406194 0.414542 0.179264
1000 0.0538365 0.0862391 0.859924
2222 0.448477 0.449031 0.102492
2144 0.337412 0.221775 0.440812
311 0.453961 0.218404 0.327635
2359 0.5 0.5 0
803 0.148658 0.169056 0.682285
221 0.489543 0.241278 0.269179
1804 0.0957424 0.297802 0.606456
396 0.298608 0.696256 0.00513624
1041 0 0.5 0.5
24 0.5 0 0.5
732 0.745129 0.0522099 0.202661
1178 0.0432174 0.726389 0.230394
1159 0.536662 0.349261 0.114077
61 0.73199 0.238277 0.0297329
343 0.28405 0.578509 0.137441
587 0.105295 0.28454 0.610165
1984 0 0 1
1984 0.0655273 0.669973 0.264499
1565 0.375826 0.620042 0.00413283
398 0.331468 0.129987 0.538545
398 0.561275 0.264144 0.174581
1647 0.107314 0.107878 0.784807
1282 0.5 0 0.5
1751 0.464647 0.125138 0.410215
922 0.347612 0.354298 0.29809
1212 0 0 1
1281 0.293564 0.0978488 0.608587
103 0.552947 0.434601 0.0124516
1434 0.476301 0.401535 0.122164
2370 0.694545 0.0433171 0.262138
266 0.0976531 0.139739 0.762608
573 0.288084 0.0747551 0.637161
1577 0.275166 0.511969 0.212865
1161 0.502675 0.091188 0.406137
725 0.53245 0.234912 0.232638
204 0.100383 0.37003 0.529587
725 0.00474882 0.359408 0.635843
523 0.575183 0.0462092 0.378608
249 0.284693 0.0443677 0.670939
561 0.136052 0.212855 0.651093
1489 0.316622 0.570146 0.113232
771 0 0.5 0.5
8 0.309292 0.355036 0.335672
2288 0.057975 0.026459 0.915566
458 0.449342 0.0484654 0.502192
1483 0.100468 0.338219 0.561313
1943 0.343568 0.0918252 0.564607
114 0.228366 0.0683413 0.703292
683 0.407588 0.239445 0.352968
80 0.591544 0.193266 0.21519
1186 0.144382 0.40076 0.454857
1845 0.0710816 0.236977 0.691941
2224 0.157533 0.792607 0.0498606
1507 0.153367 0.238836 0.607797
1325 0.285109 0.677601 0.0372901
585 0.372196 0.423537 0.204267
479 0.00941217 0.498577 0.492011
158 0.0979544 0.0191431 0.882902
2014 0.313796 0.0920515 0.594153
373 0.66113 0.115572 0.223298
1409 0.0364811 0.577009 0.38651
11 0.192651 0.0107182 0.796631
2294 0.0619595 0.783047 0.154994
555 0.717159 0.108702 0.174139
2362 0.510228 0.107881 0.381891
1983 0.0906579 0.906401 0.00294105
231 0.153562 0.69606 0.150378
607 0.34228 0.624603 0.0331172
2049 0.717064 0.211265 0.0716707
1434 0.0105209 0.744984 0.244496
1810 0.909443 0.0275595 0.0629977
1236 0.374419 0.190474 0.435107
1811 0.658237 0.0785376 0.263225
117 0.754644 0.198356 0.0469999
1141 0.522368 0.458206 0.0194263
442 0.0856941 0.609005 0.3053
365 0.381801 0.187028 0.431171
1556 0.433806 0.29888 0.267314
237 0.145083 0.394901 0.460016
289 0.112079 0.384256 0.503665
1992 0.0908709 0.325852 0.583277
289 0.980011 0.0168929 0.00309626
821 0.0894198 0.887317 0.0232631
2163 0.123056 0.0523819 0.824562
1342 0.495413 0.0537502 0.450837
947 0.261426 0.398347 0.340228
636 0.149251 0.547452 0.303297
1294 0.884323 0.0236717 0.0920052
981 0.0132735 0.690014 0.296713
2346 0 1 0
981 0.312128 0.0333385 0.654533
856 0.0168987 0.869694 0.113407
1953 0.653565 0.208945 0.137489
856 0.255867 0.515214 0.228919
1129 0.271928 0.507219 0.220853
1128 0.121227 0.401859 0.476914
1931 0.059859 0.117708 0.822433
834 0.852476 0.082512 0.0650118
1470 0.430976 0.336682 0.232342
151 0.326756 0.338476 0.334768
889 0.785174 0.045105 0.169721
896 0.31474 0.352735 0.332525
102 0.476416 0.218022 0.305562
1705 0.101077 0.42971 0.469213
146 0.260033 0.0297161 0.71025
1431 0.420915 0.460295 0.118791
405 0.730822 0.120127 0.149052
405 0.0522221 0.491701 0.456077
1139 0.649053 0.0996895 0.251258
2262 0.444835 0.245152 0.310012
665 0.075111 0.0371666 0.887722
1167 0 0.5 0.5
581 0.0192681 0.543433 0.437299
1978 0.328624 0.361669 0.309707
934 0.397122 0.343353 0.259525
1607 0.741849 0.222572 0.0355783
245 0.0452627 0.907464 0.0472736
245 0.307711 0.559879 0.132411
1389 0.104574 0.860118 0.0353078
1554 0.18484 0.416702 0.398459
127 0.15143 0.447141 0.401429
1756 0.275854 0.505705 0.218441
1757 0.103874 0.409393 0.486733
650 0.0937678 0.251819 0.654413
705 0.816599 0.169096 0.0143049
1450 0.142375 0.508224 0.349402
1451 0.646876 0.300244 0.0528804
144 0.386948 0.198258 0.414794
2345 0.27777 0.462893 0.259337
2084 0.581182 0.29922 0.119598
1316 0.189178 0.649068 0.161754
32 0.529149 0.179795 0.291056
1316 0.0881314 0.0461454 0.865723
1099 0.342865 0.504815 0.15232
1043 0.413863 0.27607 0.310067
817 0.442038 0.114713 0.443249
162 0.64548 0.283991 0.0705292
518 0.313148 0.0959181 0.590934
810 0.03736 0.113502 0.849138
161 0.5 0 0.5
1152 0.0389996 0.47594 0.48506
692 0.0934401 0.824971 0.0815885
980 0.261756 0.602174 0.136069
1644 0.0973739 0.135455 0.767172
1163 0.236843 0.0615362 0.701621
1641 0.338031 0.575368 0.0866007
1277 0.0362817 0.648326 0.315392
532 0.5 0.5 0
2284 0 0.5 0.5
1824 0.059878 0.417983 0.522139
831 0.0341331 0.63327 0.332596
1132 0.6335 0.194719 0.171781
1660 0.0539059 0.0689543 0.87714
546 0.262063 0.290789 0.447148
1484 0 0.5 0.5
2170 0.587234 0.109891 0.302875
2171 0.707405 0.0309175 0.261678
1087 0.352817 0.466137 0.181046
342 0.572429 0.0296381 0.397933
517 0.58533 0.331168 0.0835027
1274 0.122621 0.586767 0.290613
1273 0.077124 0.316215 0.606661
125 0.103606 0.759368 0.137026
642 0.0145211 0.356854 0.628625
1448 0.0628353 0.780549 0.156616
632 0.034406 0.839004 0.12659
1214 0.0516353 0.592626 0.355739
2116 0.186811 0.134221 0.678968
1651 0.0539593 0.818463 0.127578
1222 0.369289 0.526184 0.104527
1222 0.5 0 0.5
592 0.312496 0.525663 0.161841
34 0.0247335 0.904538 0.0707287
991 0.0327176 0.689209 0.278074
811 0.5 0.5 0
1340 0.556075 0.333357 0.110567
2097 0.5 0 0.5
471 0.240199 0.154799 0.605002
1634 0.370235 0.00805554 0.62171
1561 0.145937 0.783185 0.0708782
372 0.434968 0.255652 0.30938
806 0.692911 0.265446 0.0416437
571 0.5 0 0.5
1613 0.0732236 0.917057 0.00971917
1184 0.559379 0.203215 0.237406
1184 0.185174 0.603238 0.211588
657 0.216755 0.529411 0.253834
548 0.214734 0.451797 0.333469
2114 0.0464431 0.876863 0.0766937
2078 0.842599 0.0495184 0.107882
1999 0.750242 0.0971898 0.152568
353 0.299065 0.497594 0.203341
1997 0.517826 0.390783 0.0913908
566 0.269064 0.0200973 0.710839
51 0.24509 0.292182 0.462728
1832 0.58152 0.158252 0.260228
965 0.149063 0.312214 0.538723
965 0.599119 0.327398 0.0734831
1405 0.0782113 0.442862 0.478927
1405 0.0614203 0.171523 0.767057
1343 0.459437 0.1443 0.396262
1404 0.200873 0.308009 0.491118
1405 0.633707 0.208465 0.157828
606 0.192435 0.00239037 0.805174
171 0.398694 0.455883 0.145423
171 0.217876 0.110687 0.671437
1261 0.216363 0.190613 0.593024
1632 0.000312672 0.710093 0.289595
84 0.39304 0.322193 0.284767
1015 0.0492617 0.105497 0.845241
1015 0.3067 0.546505 0.146795
1154 0.0393251 0.694484 0.266191
1708 0.284288 0.291906 0.423806
705 0.0262621 0.713797 0.259941
1421 0.258531 0.29565 0.445819
1420 0.080714 0.623995 0.295291
2234 0.236982 0.750763 0.0122553
314 0.769712 0.153398 0.0768902
788 0.667531 0.309678 0.0227912
1246 0.0404716 0.729987 0.229542
413 0.407716 0.238515 0.353769
155 0.409863 0.432691 0.157446
344 0.481141 0.260894 0.257965
344 0.586767 0.37863 0.0346032
456 0.0127977 0.983627 0.00357531
1540 0.380606 0.565246 0.0541472
456 0.175826 0.664338 0.159837
852 0.213308 0.0894763 0.697215
852 0.912547 0.0524756 0.0349778
852 0.425806 0.387599 0.186594
410 0.101334 0.590735 0.307931
410 0.168529 0.345624 0.485847
410 0.512058 0.222944 0.264999
721 0.331949 0.33823 0.329821
154 0.5 0 0.5
382 0.5 0 0.5
634 0.248822 0.0441112 0.707067
1160 0.149158 0.297969 0.552872
1160 0.736038 0.0313922 0.23257
748 0.17166 0.187472 0.640868
2333 0.114309 0.224904 0.660787
858 0.113867 0.560567 0.325567
325 0.429325 0.367606 0.203069
1431 0.592503 0.232604 0.174893
1431 0 0 1
1431 0.466 0.121045 0.412955
727 0.16651 0.830782 0.00270836
1102 0.0739066 0.206108 0.719986
727 0.00806622 0.0336597 0.958274
1919 0.446349 0.454369 0.0992819
542 0.203317 0.417102 0.379581
1918 0.546282 0.309343 0.144375
1585 0.395334 0.252381 0.352285
1585 0.325983 0.601309 0.0727074
689 0.236686 0.621711 0.141603
787 0.702298 0.0755657 0.222137
95 0.0338792 0.850941 0.11518
786 0.345254 0.541255 0.113491
2204 0.711249 0.0403225 0.248429
960 0.00856422 0.377447 0.613989
315 0.438294 0.251446 0.31026
408 0.603731 0.23063 0.165639
1500 0.452827 0.239432 0.307741
1501 0.173106 0.207294 0.6196
121 0.0213362 0.865717 0.112947
1280 0.646226 0.134436 0.219338
1279 0.500505 0.355833 0.143662
2271 0.643542 0.143922 0.212537
339 0.5 0 0.5
504 0.272414 0.39083 0.336755
2025 0.5 0.5 0
412 0.169376 0.391671 0.438953
2043 0.29247 0.187186 0.520344
1938 0 1 0
565 0.207444 0.34644 0.446116
1938 0.621125 0.110677 0.268199
26 0.679997 0.0652748 0.254728
1814 0.0207091 0.901433 0.0778581
1672 0.130414 0.002929 0.866657
864 0.662683 0.0472575 0.29006
626 0.114152 0.472018 0.413831
2044 0.0476183 0.00672392 0.945658
1304 0.156269 0.129132 0.714599
1181 0.482536 0.0162372 0.501227
1182 0.0151753 0.122014 0.862811
916 0.423128 0.401918 0.174954
422 4.95638e-15 1 8.95803e-17
2223 0.400173 0.508574 0.0912531
2223 0.0751829 0.25881 0.666007
1006 0.113523 0.379611 0.506865
1123 0.230223 0.749548 0.0202287
1860 0.839379 0.0385431 0.122078
31 0.446565 0.34255 0.210885
1123 0.0488449 0.236719 0.714436
996 0.242165 0.709868 0.0479669
1362 0.482461 0.0241401 0.493399
2054 0.449541 0.0935869 0.456872
913 0.0844381 0.315615 0.599947
913 0.554704 0.23287 0.212426
1662 0.0996943 0.185594 0.714711
1663 0.134995 0.401612 0.463393
389 0.203678 0.164067 0.632255
914 0.121282 0.359162 0.519557
1690 0.00289098 0.0634104 0.933699
1690 0.357958 0.547826 0.0942162
809 0.018318 0.433282 0.5484
780 0.0431891 0.163024 0.793786
1888 0.0741031 0.105442 0.820455
149 0.270836 0.0428283 0.686335
13 0.773487 0.0989095 0.127604
323 0.0610153 0.222982 0.716003
320 0.536251 0.311115 0.152634
638 0.491106 0.0691247 0.439769
1286 0.11664 0.0775109 0.805849
1008 0 0 1
2140 0.516788 0.00713632 0.476076
119 0.177 0.562866 0.260134
1298 0.0837478 0.858006 0.0582465
2309 0.184746 0.0500949 0.765159
1065 0.195295 0.600497 0.204208
959 0.102424 0.162772 0.734804
1935 0.339015 0.656153 0.00483221
958 0.0802062 0.467606 0.452188
1369 0.104404 0.561932 0.333664
2032 0.674496 0.194126 0.131379
2122 0.58355 0.169259 0.247191
67 0.51107 0.19328 0.29565
1349 0.484084 0.0264312 0.489485
1377 0.281406 0.459731 0.258864
583 0.469408 0.478258 0.0523345
1468 0.754924 0.116294 0.128781
219 0.454795 0.274489 0.270716
1847 0.123986 0.143341 0.732673
362 0.133027 0.748614 0.118359
1168 0.533082 0.160621 0.306297
973 0.271462 0.152951 0.575587
1748 0.519441 0.387585 0.092974
362 0.0947825 0.59733 0.307888
973 0.0345806 0.451565 0.513854
1269 0.265563 0.53761 0.196827
485 0.449018 0.17713 0.373852
943 0.418546 0.517297 0.0641564
1778 0.0638736 0.284798 0.651328
126 0.215686 0.516041 0.268273
1766 0.0945189 0.305806 0.599676
537 0.532228 0.357656 0.110116
1012 0.0473843 0.100457 0.852159
1012 0.577887 0.0700331 0.352079
1012 0.0932692 0.478129 0.428602
292 0.303159 0.465105 0.231736
292 0.079093 0.296543 0.624364
292 0.710263 0.0250227 0.264715
49 0.263902 0.356483 0.379615
1586 0.427591 0.0569986 0.51541
49 0.477643 0.0668172 0.455539
69 0.434069 0.391268 0.174664
69 0.443779 0.127491 0.42873
36 0.859586 0.0806223 0.0597918
530 0.170441 0.518655 0.310904
997 0.817931 0.122329 0.0597404
541 0.347558 0.636651 0.0157905
143 0.157894 0.104183 0.737924
1966 0.32725 0.0304472 0.642303
1967 0.0193574 0.732146 0.248497
1135 0.218071 0.304543 0.477386
1135 0.0877129 0.506442 0.405845
1135 0.0634111 0.194125 0.742464
254 0.0813052 0.904972 0.0137224
1798 0.542509 0.383429 0.0740613
1798 0.0364209 0.90721 0.0563694
974 0.237942 0.211742 0.550316
975 0.687311 0.193126 0.119563
1793 0.106162 0.0634947 0.830343
1238 0.0383906 0.648964 0.312645
984 0.312183 0.125644 0.562173
2208 0.718264 0.0884461 0.19329
53 0.544565 0.0902953 0.36514
1348 0.671091 0.253843 0.0750658
92 0.247349 0.547853 0.204798
718 0.454017 0.292965 0.253017
411 0.75102 0.0384851 0.210495
758 0.389323 0.424904 0.185773
89 0.291733 0.243887 0.46438
1046 0.405399 0.530219 0.0643817
1133 0.449568 0.113615 0.436817
1148 0.359957 0.0365257 0.603518
440 0.284197 0.103622 0.612181
736 0.199957 0.180039 0.620005
1032 0.386629 0.044509 0.568862
1031 0.615441 0.196081 0.188478
2113 0.439295 0.433204 0.127501
1271 0.572033 0.0764539 0.351513
856 0.140235 0.279791 0.579974
2427 0.707467 0.132274 0.16026
424 0.263675 0.375632 0.360693
1652 0.182682 0.317934 0.499384
1653 0.0419821 0.370921 0.587096
1652 0.0173785 0.840799 0.141822
2349 0.538357 0.426375 0.0352678
1483 0.705095 0.188857 0.106047
269 0.658659 0.225048 0.116293
1314 0.268402 0.617313 0.114285
1313 0.886834 0.00606074 0.107105
1314 0.0881357 0.294734 0.617131
825 0.404785 0.34095 0.254265
1718 0.0639806 0.780687 0.155332
1394 0.5 0 0.5
1125 0.5 0.5 0
334 0.0520894 0.372803 0.575107
241 0.0458387 0.886572 0.0675897
1227 0.338213 0.248958 0.412828
888 0.330875 0.300241 0.368885
2402 0.302111 0.539549 0.15834
1901 0.491012 0.23893 0.270058
247 0.467363 0.349511 0.183126
658 0.122746 0.800363 0.0768906
761 0.00764571 0.870977 0.121377
301 0.377541 0.393224 0.229235
1539 0.272481 0.223083 0.504437
715 0.568098 0.0445917 0.38731
139 0.0505349 0.82513 0.124335
1832 0.036468 0.429743 0.533789
50 0.5 0 0.5
1293 0.0166941 0.0244365 0.958869
663 0.359499 0.302465 0.338035
1405 0.617684 0.0223804 0.359935
1343 0.5 0 0.5
2203 0 0.5 0.5
1160 0.138041 0.503917 0.358042
748 0.266006 0.413112 0.320882
2202 0.868103 0.0279711 0.103926
1030 0.297372 0.0202678 0.68236
1660 0.5 0.5 0
666 0.557682 0.436785 0.0055333
1085 0.692923 0.176503 0.130574
666 0.0933176 0.662781 0.243901
2164 0.5 0.5 0
373 0.078999 0.861008 0.0599928
164 0.118205 0.840541 0.0412542
91 0.5 0 0.5
707 0.765481 0.00798257 0.226536
164 0.60883 0.113941 0.277229
1081 0.00664088 0.866914 0.126445
896 0.219239 0.0711944 0.709567
1714 0.408505 0.140921 0.450574
2326 0.494549 0.185485 0.319966
286 0.250034 0.0375168 0.712449
2326 0.291075 0.582068 0.126858
729 0.109206 0.542002 0.348792
55 0.583493 0.345572 0.0709342
333 0.538257 0.307379 0.154364
1291 0.560376 0.0543408 0.385283
728 0.0772295 0.342018 0.580752
286 0 0.5 0.5
847 0.215774 0.550229 0.233997
847 0.479051 0.265819 0.25513
1282 0.0481345 0.873496 0.078369
2107 0.0572651 0.687466 0.255269
287 0.737346 0.144126 0.118528
439 0.590685 0.322424 0.0868914
80 0.343748 0.251925 0.404327
80 0.0861918 0.0749653 0.838843
511 0.463905 0.4674 0.0686946
1983 0.138704 0.218627 0.642668
1517 0.127263 0.871891 0.000846555
201 0.87781 0.0690439 0.0531465
58 0.213151 0.239778 0.547072
58 0.735552 0.040502 0.223946
58 0.461534 0.415296 0.12317
1118 0.29738 0.112588 0.590032
1134 0.0640751 0.00279097 0.933134
1967 0.132122 0.479632 0.388247
1966 0.375425 0.364888 0.259687
704 0.140967 0.112489 0.746543
1135 0.77863 0.0760476 0.145323
758 0.150466 0.136884 0.71265
296 0.183386 0.378584 0.43803
2059 0.514925 0.282755 0.202319
2058 0.528187 0.0118113 0.460001
309 0.365499 0.509217 0.125284
1624 0.235407 0.630082 0.134511
369 0.365078 0.27672 0.358202
266 0.29577 0.378057 0.326173
620 0.50407 0.362085 0.133845
106 0.0525922 0.569565 0.377843
1549 0.248489 0.272686 0.478825
753 0.526653 0.0747267 0.39862
15 0.257167 0.0657147 0.677118
1061 0.47348 0.147387 0.379132
1061 0.67014 0.100653 0.229207
1587 0.0549648 0.0167261 0.928309
1586 0.130786 0.0796338 0.78958
1007 0.0668933 0.771656 0.16145
722 0.319359 0.174522 0.506119
1752 0.0262625 0.860775 0.112963
276 0.181495 0.789618 0.0288872
216 0.598828 0.139353 0.261819
1650 0.0346832 0.697731 0.267586
1433 0.0309259 0.70208 0.266994
1433 0.365696 0.00327453 0.63103
1780 0.908271 0.0882085 0.00352089
628 0.0505937 0.691117 0.25829
792 0.588397 0.170811 0.240793
20 0.288622 0.696614 0.0147638
2017 0.368664 0.430702 0.200634
1346 0.471373 0.438716 0.0899109
2013 0.0323505 0.64683 0.32082
2036 0.276695 0.227441 0.495864
567 0.252776 0.0412943 0.70593
2037 0.5 0 0.5
2180 0.810679 0.159105 0.0302161
2299 0.101298 0.17802 0.720682
1182 0.448148 0.0923841 0.459468
59 0.0722955 0.784503 0.143201
1208 0.0798288 0.0997453 0.820426
2093 0.585947 0.273066 0.140986
1272 0.0180016 0.73878 0.243219
2347 0.291566 0.34041 0.368024
1320 0.0277067 0.0537071 0.918586
452 0.141403 0.770492 0.0881046
845 0.240065 0.644023 0.115912
1686 0.274914 0.643155 0.0819312
1314 0.588871 0.124906 0.286223
342 0.156565 0.313706 0.52973
1273 0.503992 0.301657 0.194351
61 0.0331971 0.252336 0.714466
1382 0.116587 0.0938949 0.789518
830 0.498185 0.140774 0.36104
1621 0.145997 0.0686217 0.785381
1970 0.49128 0.308855 0.199865
738 0.0639455 0.553843 0.382212
210 0.428941 0.487195 0.0838644
1568 0.0863468 0.811931 0.101722
239 0.278491 0.566164 0.155345
149 0.0613513 0.310171 0.628477
1888 0.5 0 0.5
149 0.218334 0.422261 0.359405
947 0 1 0
527 0.40361 0.573054 0.0233368
448 0.486632 0.167416 0.345951
1365 0.402036 0.233749 0.364215
224 0.5 0 0.5
724 0.524318 0.0675225 0.408159
109 0.0799538 0.861459 0.0585875
1863 0.435833 0.4529 0.111267
1061 0.113884 0.425034 0.461081
1584 0.437239 0.167692 0.395069
1307 0.113637 0.385293 0.50107
689 0.0133056 0.693124 0.29357
701 0.482917 0.183496 0.333587
352 0.017065 0.365932 0.617003
2078 0.104457 0.745087 0.150456
2410 0.5 0.5 0
763 0.0670977 0.598558 0.334344
763 0.416008 0.477913 0.106079
662 0.376506 0.143315 0.480179
73 0.0490043 0.563875 0.387121
2195 0.128015 0.00970597 0.862279
1605 0.293048 0.704423 0.00252902
1067 0.561624 0.263849 0.174527
1081 0.542493 0.313063 0.144444
1081 0.425151 0.147913 0.426937
1831 0.513735 0.0900954 0.396169
1902 0.496737 0.173347 0.329917
1067 0.896083 0.0268145 0.0771023
1474 0.0406579 0.488568 0.470774
1474 0.409085 0.23702 0.353895
140 0.135307 0.746364 0.118329
1475 0.5 0 0.5
2382 0.5 0 0.5
825 0.323514 0.506025 0.170461
1407 0.0106185 0.347137 0.642245
614 0.217699 0.482725 0.299576
246 0.583126 0.306786 0.110088
2167 0.837851 0.0159318 0.146217
2071 0.25687 0.45236 0.29077
587 0.727032 0.227294 0.0456739
402 0.768088 0.148171 0.0837408
73 0.192241 0.188345 0.619413
2195 0.480172 0.504959 0.0148684
2195 0.15728 0.312395 0.530325
74 0.323427 0.379788 0.296785
1288 0.287895 0.147625 0.56448
244 0.0448133 0.724139 0.231048
2278 0.698428 0.195028 0.106544
1515 0.0651025 0.255589 0.679309
1515 0.349175 0.152605 0.49822
2068 0.307916 0.647719 0.044365
1856 0.303242 0.246597 0.450161
270 0.0767728 0.00380037 0.919427
1857 0.115822 0.602013 0.282165
1725 0.358847 0.0206396 0.620514
1724 0.155563 0.0597077 0.784729
50 0.0140412 0.17038 0.815579
698 0.5793 0.41841 0.00228993
1769 0.195283 0.650689 0.154028
1774 0.731219 0.0490559 0.219725
16 0.0011261 0.0416655 0.957208
2282 0.464341 0.0991909 0.436468
500 0.18613 0.185854 0.628015
1284 0.385133 0.426178 0.188689
319 0.634461 0.265153 0.100385
514 0.50602 0.412271 0.0817096
2331 0.099446 0.292197 0.608356
385 0.0516167 0.27966 0.668723
1665 0.0735369 0.438031 0.488432
721 0.155398 0.755599 0.0890024
345 0.495193 0.501258 0.00354939
189 0.307542 0.101275 0.591183
189 0.893723 0.0505406 0.055736
1413 1 0 0
1984 0.550105 0.141875 0.308019
1995 0.137962 0.600489 0.261549
29 0.862478 0.105625 0.031897
499 0.416765 0.197061 0.386174
562 0.298333 0.403947 0.297721
2344 0.428284 0.0408041 0.530912
2100 0.317147 0.270369 0.412484
2100 0.840941 0.141813 0.0172461
125 0.379683 0.379127 0.24119
125 0.5 0 0.5
2051 0.635769 0.0238784 0.340352
516 0.0364823 0.0304966 0.933021
2050 0.571016 0.146636 0.282348
480 0.341187 0.272466 0.386347
752 0.381076 0.182814 0.43611
1312 0.446853 0.318096 0.235052
1566 0.413831 0.357531 0.228638
298 0.573903 0.357529 0.0685675
1391 0.064757 0.3064 0.628843
1959 0.625995 0.130929 0.243076
493 0.330685 0.548679 0.120636
1547 0.423843 0.141576 0.434581
1546 0.112849 0.672883 0.214269
1592 0.31708 0.207499 0.475421
1017 0.12183 0.713906 0.164264
1592 0.443613 0.540725 0.0156617
1017 0.711673 0.170948 0.117379
1185 0.509589 0.0496587 0.440752
277 0.673128 0.235862 0.0910098
1036 0.0820062 0.864531 0.0534627
1926 0.103046 0.270229 0.626726
1036 0.139021 0.070832 0.790148
771 0.262332 0.633734 0.103934
1695 0.17199 0.810669 0.0173416
451 0.242373 0.247025 0.510602
2374 0.605955 0.111085 0.282961
1153 0.52542 0.0267539 0.447826
1598 0.0231116 0.865349 0.111539
1417 0.577052 0.326165 0.0967832
1416 0.334251 0.0296804 0.636068
1368 0.104342 0.113782 0.781877
1368 0.0296474 0.743267 0.227086
0 0.0833161 0.0917821 0.824902
2095 0.153187 0.576273 0.27054
1128 0.66277 0.0204591 0.31677
1128 0.600454 0.380055 0.0194911
409 0.110763 0.0246909 0.864546
411 0.0750123 0.607934 0.317053
479 0.019263 0.859258 0.121479
1242 0.5 0 0.5
1827 0.212238 0.448264 0.339498
1826 0.5 0 0.5
373 0.122289 0.174936 0.702774
373 0.43717 0.544469 0.0183614
668 0.348515 0.495338 0.156147
668 0.655041 0.160461 0.184498
1739 0.775193 0.100847 0.12396
2426 0.529723 0.439972 0.030305
1837 0.937407 0.0432713 0.0193217
1837 0.436279 0.193765 0.369955
1709 0.176985 0.643526 0.17949
820 0.413481 0.317908 0.268611
820 0.670618 0.304481 0.0249005
1579 0.617968 0.323008 0.059024
2008 0.0792627 0.453087 0.46765
127 0.826898 0.00443339 0.168668
1818 0.683831 0.290818 0.0253504
100 0.00620841 0.555653 0.438138
1385 0.18152 0.62625 0.192231
2099 0.623563 0.0425089 0.333928
946 0.123347 0.332355 0.544298
2099 0.364173 0.591989 0.043838
107 0.61941 0.126862 0.253728
1541 0.35223 0.424781 0.222989
227 0.701008 0.0834785 0.215513
179 0.114703 0.224321 0.660976
179 0.376665 0.221847 0.401488
179 0.0994155 0.527397 0.373188
2282 0.2432 0.693457 0.0633428
2283 0.731929 0.0880141 0.180057
2282 0.00692534 0.510835 0.48224
1623 3.43171e-13 1 6.8613e-13
539 0.14057 0.8461 0.0133301
358 0.0903899 0.527096 0.382514
970 0.12897 0.106201 0.76483
497 0.419478 0.120046 0.460476
68 0.475278 0.414428 0.110294
2055 0.069359 0.143031 0.78761
2211 0.5 0.5 0
274 0.528335 0.271268 0.200397
671 0.561311 0.0804977 0.358192
2267 0 0.5 0.5
1888 0.966769 0.0267748 0.00645652
1711 0.68253 0.0253409 0.292129
521 0.846893 0.0980414 0.0550659
2175 0.0011406 0.308858 0.690001
2175 0.732669 0.172364 0.0949666
192 0.0703053 0.157501 0.772193
1069 0.00264724 0.554944 0.442409
737 0.0512442 0.771735 0.177021
328 0.0582057 0.105105 0.83669
593 0.303253 0.260878 0.435869
2260 0.131401 0.677157 0.191442
2224 0.510743 0.359134 0.130124
1506 0.603921 0.00739271 0.388686
565 0.5 0 0.5
986 0.0496511 0.0856203 0.864729
1910 0.344994 0.585994 0.0690119
850 0.80071 0.102241 0.0970487
84 0.152466 0.552806 0.294728
979 0.234876 0.743315 0.0218094
978 0.0567621 0.571034 0.372204
987 0.757685 0.193803 0.0485118
536 0.368091 0.580934 0.0509747
2365 0.745494 0.218289 0.0362173
2160 0.0284397 0.313391 0.65817
1100 0.191011 0.0934459 0.715543
1100 0.322942 0.526611 0.150447
2368 0.037471 0.270466 0.692063
1225 0.494854 0.254074 0.251072
2238 0.591773 0.161503 0.246724
1861 0.445382 0.0185318 0.536086
1508 0 0 1
1431 0.255246 0.580661 0.164093
414 0.803526 0.0829689 0.113505
414 0.0914695 0.240514 0.668017
2106 0.309036 0.63271 0.0582537
2106 0.104496 0.635109 0.260395
1281 0.276846 0.679675 0.043479
1574 0.536716 0.365011 0.0982732
453 0.264892 0.434444 0.300664
453 0.0206563 0.805325 0.174018
2429 0.466777 0.224892 0.308331
522 0.0214427 0.888931 0.0896261
2070 0.215163 0.171568 0.613269
411 0.200139 0.154415 0.645447
1016 0.709485 0.286904 0.00361127
390 0.554648 0.355394 0.0899579
1190 0.248318 0.166887 0.584795
1190 0.178693 0.7095 0.111807
1683 0.065288 0.671934 0.262778
415 0.290052 0.23792 0.472028
342 0 0.5 0.5
1484 0.812925 0.125091 0.0619835
2275 0.624781 0.293746 0.0814724
2274 0.354172 0.354474 0.291354
1485 0.491298 0.248025 0.260676
183 0.0224424 0.475208 0.502349
2387 0.0930558 0.268394 0.63855
2174 0.974961 0.0171494 0.00788967
1654 0.275599 0.564697 0.159704
1169 0.471878 0.132955 0.395167
1813 0.600464 0.188185 0.211351
1812 0.00865399 0.534371 0.456975
802 0.261295 0.675735 0.06297
1392 0.0355635 0.498941 0.465496
1392 0.453478 0.534167 0.0123557
2144 0.00366135 0.798945 0.197394
1365 0.305199 0.637333 0.0574684
855 0.332059 0.187117 0.480824
1636 0.146725 0.588984 0.264291
2231 0.178223 0.428989 0.392788
47 0.29613 0.0022818 0.701588
190 0.696733 0.0925317 0.210735
1410 0.5 0 0.5
928 0.452305 0.386541 0.161154
728 0.24992 0.609015 0.141066
1777 0.271579 0.624001 0.10442
344 0.682523 0.270599 0.0468774
1482 0.123927 0.380404 0.495669
1664 0.713515 0.102919 0.183566
600 0.0640428 0.55949 0.376467
600 0.052408 0.914876 0.0327157
268 0.205636 0.550642 0.243723
559 0.248495 0.661607 0.0898974
289 0.114185 0.136641 0.749174
2424 0.248524 0.312003 0.439474
1249 0.328213 0.482094 0.189693
603 0.156179 0.13181 0.712011
804 0.448395 0.0895708 0.462034
956 0.333117 0.338562 0.32832
957 0.605108 0.305125 0.089767
1854 0.324098 0.267404 0.408498
632 0.149233 0.280051 0.570717
1213 0.26757 0.53598 0.19645
1067 0.149251 0.545511 0.305238
2015 0.304819 0.243978 0.451203
1068 0.680784 0.238929 0.0802871
617 0.228602 0.0543753 0.717022
2011 0.572014 0.321306 0.10668
1294 0.0193202 0.497106 0.483573
637 0.0843076 0.405916 0.509777
946 0.547902 0.0836485 0.368449
34 0.205885 0.379348 0.414767
239 0.510806 0.0176048 0.471589
79 0.172042 0.807829 0.0201284
79 0.481013 0.468242 0.0507456
1546 0.311258 0.125781 0.562961
276 0.788906 0.21065 0.000444117
2225 0.298758 0.349408 0.351834
456 0.41731 0.546712 0.0359777
216 0.192012 0.582467 0.225521
153 0.136115 0.273561 0.590323
1989 0.256788 0.666753 0.0764593
679 0.0894757 0.762659 0.147865
853 0.556487 0.00820674 0.435307
216 0.272095 0.310247 0.417658
216 0.187622 0.041298 0.771079
1879 0.617639 0.373623 0.00873784
1145 0.197686 0.338873 0.463441
970 0.242537 0.709894 0.0475688
358 0.74406 0.0486487 0.207291
102 0.205445 0.790403 0.00415228
1393 0.0245005 0.45115 0.52435
102 0.5 0 0.5
102 0.125715 0.297409 0.576877
682 0.214863 0.230713 0.554424
1463 0.153753 0.479264 0.366983
469 0.130078 0.538481 0.331441
469 0.315874 0.0231267 0.661
155 0.716212 0.212904 0.0708834
2000 0.0201987 0.0999196 0.879882
1874 0.546978 0.028344 0.424677
741 0.397419 0.0827737 0.519807
2094 0.0553557 0.445245 0.499399
741 0.632327 0.329928 0.0377443
2140 0.708368 0.19272 0.0989117
2141 0.773331 0.0734418 0.153227
119 0.0360859 0.235977 0.727937
1494 0.348001 0.229137 0.422863
1142 0.481168 0.229896 0.288936
2343 0.379657 0.444486 0.175857
876 0.10706 0.0365842 0.856356
1712 0.264305 0.367392 0.368304
1761 0.111469 0.886723 0.00180808
1446 0.23196 0.632094 0.135945
782 0.686073 0.0935164 0.220411
1740 0.0153976 0.621661 0.362941
782 0.296795 0.699266 0.00393928
114 0.129259 0.75814 0.112601
861 0.0961873 0.364266 0.539547
532 0.0406274 0.133006 0.826367
2311 0.655625 0.299848 0.0445278
570 0.514513 0.378201 0.107286
1067 0.45853 0.0786403 0.46283
1586 0.5 0.5 0
203 0.0173108 0.0519674 0.930722
2328 0.116362 0.649658 0.23398
1426 0.56902 0.273116 0.157864
72 0.263398 0.142285 0.594317
1581 0.595948 0.0266676 0.377385
1775 0.455994 0.093529 0.450477
1774 0.151804 0.168681 0.679515
881 0.500069 0.336262 0.163669
406 0.0314951 0.619318 0.349187
1018 0.157494 0.542546 0.299959
1019 0.89407 0.0173786 0.0885515
884 0.575095 0.184767 0.240138
2007 0 0.5 0.5
86 0.758151 0.0467622 0.195086
16 0.069787 0.874134 0.0560794
1181 0.00722967 0.858242 0.134528
1584 0.0831192 0.733699 0.183181
2180 0.25676 0.30273 0.44051
158 0.529103 0.279204 0.191692
329 0.608547 0.170484 0.220969
329 0.0273233 0.412052 0.560624
2305 0.0546437 0.705411 0.239946
2404 0.575585 0.13478 0.289635
749 0.671655 0.0711543 0.25719
1058 0.5 0.5 0
816 0.0392842 0.343992 0.616724
2128 0.374385 0.420048 0.205568
1967 0.354123 0.0296272 0.616249
10 0.5 0 0.5
1421 0.592002 0.204383 0.203615
1421 0.849334 0.0403922 0.110273
316 0.0972248 0.174144 0.728631
1913 0.652987 0.0274364 0.319576
1495 0.239766 0.208757 0.551477
316 0.185188 0.635748 0.179064
316 0.0811614 0.526976 0.391862
316 0.415735 0.271775 0.31249
143 0.420737 0.339995 0.239268
949 0.0195818 0.0159351 0.964483
23 0.623833 0.332016 0.0441515
1431 0 0 1
1750 0.14112 0.211915 0.646965
1458 0.0836734 0.0810302 0.835296
2212 0.0974599 0.538468 0.364072
75 0.389291 0.23426 0.37645
1748 0.0352677 0.901961 0.0627714
1014 0.255019 0.164795 0.580186
2083 0.00657766 0.581458 0.411964
2137 0.055045 0.151382 0.793573
2121 0.0840817 0.0357569 0.880161
204 0.710235 0.153085 0.136681
1957 0.751691 0.0183281 0.229981
1320 0.597642 0.000706102 0.401652
501 0.583821 0.236586 0.179594
694 0.145492 0.0980057 0.756502
1915 0.536839 0.371728 0.0914321
2397 0.664668 0.260272 0.0750601
463 0.456531 0.439067 0.104402
2038 0.295563 0.0373298 0.667107
446 0.680212 0.266603 0.0531846
109 0.408595 0.036893 0.554512
606 0.0842075 0.415607 0.500185
606 0.375773 0.252415 0.371812
606 0.416887 0.58143 0.00168363
1401 0.387075 0.332447 0.280478
2212 0.5 0.5 0
1400 0.125513 0.0851314 0.789355
1008 0.5 0 0.5
925 0.782612 0.142703 0.0746855
639 0.304314 0.412441 0.283245
831 0.0382137 0.338193 0.623593
27 0.563795 0.0743624 0.361842
976 0.434002 0.246389 0.319609
867 0.385895 0.261758 0.352347
1745 0.783429 0.00062917 0.215942
1744 0.140892 0.693069 0.166039
1745 0.486809 0.24868 0.264511
1322 0.362988 0.438102 0.19891
1206 0.0480808 0.0229022 0.929017
2283 0.0569474 0.453415 0.489638
179 0.638637 0.180311 0.181052
1293 0.5 0.5 0
179 0.378246 0.437289 0.184464
1431 0.971929 0.00825638 0.0198147
678 0.632495 0.267431 0.100075
1705 0.622628 0.108912 0.26846
23 0.236183 0.0780243 0.685793
23 0.00261809 0.326236 0.671146
1749 0.112787 0.132233 0.75498
1360 0.605677 0.127018 0.267305
1180 0.371452 0.461478 0.16707
1179 0.538685 0.106417 0.354898
402 0.123498 0.535816 0.340686
25 0.0587591 0.789349 0.151892
1811 0.352809 0.448409 0.198782
1805 0.278714 0.143493 0.577794
397 0.471331 0.0066275 0.522042
397 0.0633172 0.0875564 0.849126
2187 0.236463 0.585385 0.178152
1834 0.360032 0.241678 0.39829
827 0.249106 0.27045 0.480443
1757 0.83229 0.0781696 0.0895404
359 0.529788 0.229193 0.24102
139 0.572321 0.0958071 0.331872
1307 0.254839 0.613928 0.131233
1738 0.26476 0.515694 0.219547
1738 0.276414 0.242209 0.481377
669 0.114529 0.76324 0.122231
2289 0.0570487 0.334147 0.608804
1432 0 0.5 0.5
34 0.717341 0.0065375 0.276122
991 0.915275 0.00636138 0.0783637
1432 0.0564674 0.304081 0.639451
1701 0.715148 0.0913939 0.193458
308 0.0495324 0.454573 0.495894
1940 0.128056 0.220064 0.65188
2138 0.0923975 0.106782 0.800821
307 0.584789 0.00277502 0.412436
307 0.432621 0.378019 0.18936
307 0.0127453 0.569596 0.417658
2044 0.587356 0.0877341 0.32491
2045 0.417022 0.420343 0.162636
1572 0.414591 0.325283 0.260125
2045 0.58447 0.00716027 0.408369
1117 0.694534 0.123331 0.182135
1504 0.0267454 0.418435 0.554819
1816 0.0422737 0.748511 0.209215
1816 0.41528 0.168362 0.416358
235 0.196091 0.202228 0.601681
2108 0.766662 0.206444 0.0268945
1528 0.0975504 0.0185173 0.883932
1326 0.537021 0.255881 0.207098
1327 0.245118 0.488801 0.266081
1136 0.310105 0.119825 0.57007
706 0.375612 0.0236783 0.60071
706 0.0981518 0.278891 0.622958
1057 0.127078 0.712416 0.160506
16 0.357877 0.0266246 0.615499
86 0.938847 0.00820047 0.052953
870 0.0967525 0.674102 0.229146
871 0.362208 0.515398 0.122395
1743 0.499506 0.005819 0.494675
545 0.257547 0.13913 0.603323
545 0.511885 0.351495 0.13662
331 0.0647917 0.599619 0.335589
1804 0.494839 0.0921566 0.413004
636 0.369789 0.0606743 0.569537
1662 0.0877642 0.897194 0.0150419
2254 0 0.5 0.5
526 0.208244 0.270244 0.521512
2269 0.500302 0.286894 0.212804
2269 0.0806581 0.621378 0.297964
2269 0.0546783 0.304867 0.640454
448 1 0 0
697 0.500648 0.250388 0.248964
2431 0.509281 0.0519948 0.438725
2431 0.12779 0.443443 0.428766
2317 0.991851 0.000368287 0.00778057
146 0.295989 0.343255 0.360756
146 0.0325138 0.347908 0.619579
146 0.484715 0.489098 0.0261871
1840 0.248068 0.25321 0.498722
843 0.167551 0.606089 0.22636
1714 0.748428 0.22897 0.0226027
2327 0.243008 0.672269 0.0847232
1883 0.302602 0.406049 0.291349
1955 0.629242 0.141182 0.229576
1730 0.586606 0.101946 0.311449
1916 0.062276 0.134663 0.803061
1542 0.061649 0.357479 0.580872
454 0.409558 0.180424 0.410018
894 0.225479 0.142847 0.631675
1420 0.474345 0.282509 0.243147
1913 0.158307 0.419249 0.422444
2245 0.584684 0.0277202 0.387595
1586 0.190008 0.349672 0.460319
372 0.124672 0.854188 0.0211402
1132 0.0640626 0.367922 0.568016
408 0.341928 0.334445 0.323627
408 0.0920138 0.351378 0.556608
1617 0.547181 0.34901 0.103809
63 0.307827 0.0858797 0.606293
380 0.669425 0.307681 0.0228942
1004 0.381561 0.394858 0.223581
2041 0.535748 0.37543 0.0888226
557 0.441782 0.021695 0.536523
336 0.031377 0.0534387 0.915184
1287 0.304315 0.485734 0.209951
2116 0.0283964 0.679943 0.29166
719 0.677937 0.179315 0.142749
772 0.25499 0.371417 0.373593
270 0.199576 0.313395 0.487029
292 0.319938 0.0480773 0.631984
49 0.258397 0.607042 0.134561
49 0.49973 0.446035 0.0542348
1552 0 1 0
1632 0.494062 0.0423117 0.463626
1632 0.0205629 0.165051 0.814386
797 0.232442 0.720954 0.0466037
797 0.204113 0.148421 0.647466
910 0.542371 0.0651465 0.392483
910 0.07919 0.724511 0.196299
2256 0.163127 0.354056 0.482817
797 0 0.5 0.5
1416 0.0649229 0.312736 0.622341
184 0.425093 0.424924 0.149983
2386 0.0315746 0.349658 0.618768
2387 0.679684 0.19298 0.127336
1467 0.24435 0.379572 0.376077
312 0.03049 0.0488901 0.92062
312 0.375011 0.38485 0.240139
1917 0.644423 0.264238 0.0913387
1224 0.402452 0.385467 0.21208
1223 0.877152 0.0563619 0.0664859
459 0.776071 0.0674904 0.156439
387 0.274286 0.488516 0.237198
65 0.182524 0.228077 0.589399
517 0.027236 0.781843 0.190921
65 0.207685 0.442629 0.349686
65 0.483097 0.486907 0.0299959
841 0.149986 0.206569 0.643444
840 0.221382 0.105918 0.6727
284 0.5 0 0.5
284 0.18704 0.557313 0.255647
1376 0.395201 0.310852 0.293947
582 0.00500768 0.952184 0.0428084
583 1 0 0
2279 0.181974 0.201399 0.616627
2279 0.510779 0.448693 0.0405283
1776 0.287048 0.43884 0.274112
530 0.374607 0.348026 0.277368
541 1 0 0
733 0.926633 0.0182204 0.0551463
1177 0.0310673 0.458485 0.510448
1247 0.506726 0.407701 0.0855733
1962 0.211792 0.737863 0.0503445
1963 0.287135 0.0929985 0.619866
125 0.0847568 0.471042 0.444201
779 0.383129 0.0319132 0.584958
1661 0 0.5 0.5
473 0.0777771 0.816371 0.105851
2323 0.47475 0.343793 0.181456
1392 0.249898 0.22608 0.524022
1392 0.710044 0.141513 0.148443
2163 0.175136 0.784793 0.0400702
2163 0.603522 0.236557 0.159921
1343 0.450841 0.319802 0.229357
2162 0.450831 0.18852 0.36065
1821 0.00654306 0.203822 0.789634
598 0.548435 0.0431098 0.408455
152 0.228088 0.429212 0.3427
1443 0.0657064 0.265736 0.668558
923 0.5 0 0.5
1394 0.297297 0.503729 0.198975
1394 0.5 0 0.5
1718 0.524727 0.0284011 0.446872
241 0.471275 0.135947 0.392778
241 0.172004 0.109189 0.718806
4 0.75406 0.0234198 0.222521
1250 0.5 0.5 0
4 0.256474 0.621301 0.122225
1250 0.167554 0.418922 0.413523
1250 0.0623301 0.170718 0.766952
275 0.570685 0.327944 0.101371
1300 0.184781 0.240346 0.574873
1669 0.228653 0.646041 0.125306
1547 0.27628 0.551342 0.172378
684 0.571118 0.273754 0.155127
1547 0.130122 0.147893 0.721986
1666 0.105933 0.611432 0.282636
1667 0.0291354 0.297573 0.673292
2326 0.0363954 0.918006 0.0455989
2326 0.255761 0.282326 0.461913
209 0.301675 0.290705 0.40762
1034 0.0705641 0.0417045 0.887731
1118 0.0812927 0.91431 0.00439701
1725 0.819581 0.115282 0.065137
1725 0.432172 0.476685 0.0911427
2070 0.901785 0.0910828 0.0071319
409 0.00657722 0.935805 0.0576176
1472 0.46033 0.275987 0.263682
63 0.165945 0.732709 0.101346
556 0.0227154 0.900683 0.0766012
1907 0.182753 0.266569 0.550678
868 0.225728 0.23416 0.540111
2184 0.140632 0.699716 0.159651
2285 0.946415 0.0408298 0.0127557
1813 0 1 0
644 0.783976 0.0178377 0.198186
677 0.148304 0.674197 0.177499
248 0.5 0 0.5
248 0.365087 0.0373906 0.597522
1563 0.83996 0.0795467 0.0804935
1145 0.0988846 0.855764 0.0453511
248 0.324021 0.38784 0.28814
1259 0.352265 0.163141 0.484594
87 0.0221633 0.435089 0.542747
2165 0.790067 0.175143 0.0347898
1570 0.0323798 0.467832 0.499788
2154 0.212174 0.110319 0.677506
2155 0.810664 0.0766939 0.112643
848 0.460856 0.532464 0.00667983
363 0.5 0.5 0
122 0.40033 0.589917 0.0097531
245 0.674705 0.0921312 0.233164
1067 0.206647 0.264527 0.528827
690 0.417359 0.32181 0.26083
30 0.490433 0.408215 0.101352
1117 0.0562146 0.398367 0.545418
30 0.437235 0.202373 0.360392
847 0.00820985 0.0764828 0.915307
1135 0.0853253 0.733875 0.1808
1134 0.405262 0.160909 0.433829
2022 0.344864 0.592283 0.0628531
2039 0.387312 0.262386 0.350302
1340 0 0.5 0.5
1864 0.82305 0.162865 0.014085
741 0.0579151 0.752839 0.189246
598 0.451169 0.399948 0.148883
2373 0.0520957 0.663172 0.284733
317 0.235666 0.0486592 0.715675
317 0.0886851 0.298475 0.61284
562 0.820544 0.073183 0.106273
143 0.479902 0.0494697 0.470629
317 0.531767 0.254341 0.213892
317 0.219469 0.356631 0.4239
1200 0.442394 0.502584 0.0550223
357 0.0564347 0.727189 0.216376
674 0.59523 0.281599 0.123171
64 0.213559 0.444123 0.342318
240 0.0835463 0.302692 0.613761
410 0.240601 0.655039 0.104361
1930 0.0347744 0.500002 0.465224
1930 0.257562 0.572774 0.169664
2134 0.629558 0.272733 0.0977088
720 0.0970942 0.687544 0.215362
1848 0.071561 0.50671 0.421729
744 0.281217 0.611062 0.107721
2389 0.210357 0.0466198 0.743023
167 0.5 0.5 0
1709 0.704901 0.195852 0.0992473
273 0.222761 0.217118 0.560121
227 0.586042 0.323655 0.0903032
456 0.0241438 0.434941 0.540915
57 0.0107725 0.470614 0.518614
464 0.392263 0.518809 0.088928
108 0.0406107 0.366521 0.592869
1648 0.126838 0.419417 0.453745
1060 0.758616 0.149456 0.0919282
1783 0.205623 0.313993 0.480384
833 0.114891 0.0762504 0.808858
434 0.384154 0.579436 0.0364102
1474 0.766717 0.0878882 0.145395
1395 0.304262 0.402732 0.293006
1297 0.763463 0.136321 0.100215
1297 0.171565 0.496923 0.331512
933 0.731313 0.213834 0.054853
1174 0 0.5 0.5
1361 0.38887 0.535154 0.0759753
77 0.450252 0.0802959 0.469453
1160 0.286496 0.0267322 0.686772
284 0.59559 0.200312 0.204098
284 0.365883 0.442518 0.191599
1789 0.5 0 0.5
157 0.160398 0.0743027 0.765299
1135 0.408299 0.428189 0.163512
1953 0.223832 0.234124 0.542044
43 0.241749 0.412242 0.346009
1705 0.0498951 0.896777 0.053328
677 0.374321 0.128255 0.497424
146 0.267565 0.519893 0.212541
1667 0.864252 0.0453682 0.0903802
678 0.0687588 0.259061 0.672181
678 0.428906 0.171743 0.399351
650 0.485662 0.0669453 0.447393
650 0.419096 0.146968 0.433936
1008 1 0 0
925 0.0717855 0.259398 0.668816
103 0.75504 0.133875 0.111085
601 0.258343 0.56914 0.172517
601 0.638445 0.113443 0.248112
2101 0.5 0.5 0
1942 0.176234 0.575029 0.248736
1942 0 0.5 0.5
1942 0.228658 0.265954 0.505388
2216 0.112426 0.85882 0.0287548
865 0.43017 0.368365 0.201465
2057 0.758829 0.167983 0.0731879
2216 0.524861 0.29929 0.175849
478 0.00461482 0.670269 0.325116
2012 0.779356 0.154735 0.065909
2214 0.368527 0.540101 0.0913719
540 0.0235692 0.895997 0.0804339
540 0.458096 0.0922047 0.449699
895 0.137015 0.318418 0.544567
805 0.0557474 0.0990376 0.845215
1384 0.303039 0.427478 0.269483
1104 0.02292 0.259102 0.717978
460 0.385796 0.183857 0.430347
1604 0.00228639 0.712051 0.285662
662 0.0377285 0.510055 0.452217
1404 0.105549 0.671059 0.223391
1706 0.260493 0.00292644 0.736581
984 0.716043 0.191099 0.0928574
1637 0.0631937 0.62178 0.315026
95 0.464584 0.0626321 0.472784
1927 0.751344 0.179467 0.0691898
198 0.279891 0.375962 0.344147
274 0.26141 0.547462 0.191127
904 0.330487 0.226712 0.442801
450 0.792223 0.0464663 0.161311
1203 0.293589 0.610859 0.0955524
103 0.5 0 0.5
181 0.180077 0.182319 0.637604
1756 0.00274808 0.421307 0.575945
2285 0.332618 0.273988 0.393393
1886 0.150893 0.0710204 0.778086
1886 0.300439 0.652918 0.0466429
494 0.770548 0.0270412 0.202411
2230 0.510258 0.375819 0.113923
495 0.158625 0.343322 0.498053
689 0.403517 0.485353 0.11113
2304 0.357752 0.146354 0.495894
1972 0.0121436 0.565182 0.422674
342 0.0700542 0.793625 0.13632
1088 0.271966 0.122413 0.605621
492 0.770007 0.209168 0.0208252
492 0.260202 0.171265 0.568533
1491 0.106846 0.849066 0.0440874
1490 0.599845 0.0460334 0.354122
328 0.0150233 0.803996 0.180981
1936 0.740901 0.145897 0.113202
1936 0.358166 0.544351 0.0974826
155 0.304019 0.138791 0.55719
155 0.0716407 0.0858943 0.842465
1777 0.238099 0.0859725 0.675928
2281 0.601875 0.00430636 0.393818
1140 0.730129 0.0286386 0.241232
1734 0.0891533 0.101015 0.809832
873 0.427936 0.300005 0.272059
873 0.384011 0.00309396 0.612895
1220 0.57377 0.360292 0.0659381
1065 0.708949 0.0428131 0.248238
1066 0.190534 0.155087 0.654379
1095 0.128952 0.221634 0.649415
631 0.249383 0.323722 0.426895
348 0.662496 0.0700609 0.267443
1083 0.387302 0.390741 0.221957
1375 0.56771 0.170588 0.261702
502 0.223126 0.13245 0.644424
1374 0.00497125 0.43912 0.555909
662 0.322619 0.467491 0.20989
1503 0.0400823 0.0901637 0.869754
2385 0.365006 0.41368 0.221314
760 0.520534 0.154869 0.324597
760 0.191236 0.728372 0.0803915
747 0.501709 0.490718 0.00757387
1859 0.252367 0.236926 0.510706
388 0.134511 0.493385 0.372105
2126 0.508729 0.0904839 0.400787
181 0.31997 0.618825 0.0612043
2126 0.130211 0.657944 0.211845
1442 0.20471 0.192684 0.602606
2420 0.0957951 0.467927 0.436278
161 0.0642186 0.748534 0.187247
2421 0.2632 0.398932 0.337869
2148 0.5 0 0.5
547 0.185629 0.0990245 0.715346
2380 0.125967 0.725806 0.148227
1598 0.667126 0.217296 0.115577
980 0.542295 0.0757798 0.381925
981 0.25523 0.647939 0.096831
409 0.665112 0.070011 0.264877
1894 0 0.5 0.5
2171 0.567334 0.290708 0.141957
1484 0.305249 0.520537 0.174215
1451 0.012178 0.625378 0.362444
640 0.0323501 0.875921 0.0917288
1107 0.491878 0.176153 0.331969
2097 0.0256517 0.81943 0.154918
519 0.455521 0.249314 0.295165
1144 0.5 0.5 0
512 0.213096 0.369344 0.417561
604 0.331457 0.657231 0.0113114
1682 0.638167 0.172764 0.189069
391 0.478107 0.0820976 0.439796
1189 0.181902 0.450256 0.367842
238 0.256254 0.0201876 0.723558
1175 0.473733 0.106995 0.419272
1294 0.5 0.5 0
2283 0.594964 0.377012 0.0280237
937 0.815392 0.0292713 0.155336
1586 0.389756 0.418291 0.191953
122 0.372084 0.322838 0.305078
2282 0.675276 0.188066 0.136658
16 0.276107 0.408856 0.315037
16 0.309331 0.610258 0.080411
16 0.0274024 0.499866 0.472731
1186 0.684717 0.156393 0.15889
1593 0.21524 0.532708 0.252053
1791 0.0311803 0.288121 0.680698
1421 0.118901 0.0324968 0.848602
1967 0.354668 0.534334 0.110997
1967 0.55676 0.298275 0.144965
961 0.497603 0.129735 0.372661
1823 0.44032 0.541849 0.017831
960 0.554661 0.183056 0.262282
546 0 0.5 0.5
343 0.5 0 0.5
1389 0.462791 0.382665 0.154544
1555 0.468509 0.00992677 0.521565
479 0.512263 0.224127 0.263609
1118 0.846893 0.0443516 0.108755
479 0.401602 0.42786 0.170538
91 0.436405 0.551916 0.0116792
502 0.134796 0.679264 0.185941
1573 0.14966 0.398928 0.451412
2056 0.0979281 0.716711 0.185361
381 0.183197 0.302768 0.514035
1537 0.586855 0.0262082 0.386937
610 0.459664 0.267108 0.273228
1165 0.626346 0.334531 0.0391236
1166 0.0357222 0.694188 0.270089
912 0.391868 0.243951 0.364181
789 1 0 0
1010 0.58991 0.144453 0.265636
1122 0.332008 0.517931 0.150061
412 0.41741 0.468996 0.113594
158 0.333806 0.0806327 0.585561
1241 0.258983 0.32949 0.411527
158 0.600379 0.0743683 0.325252
1300 0.431246 0.32973 0.239024
1903 0.0613059 0.233285 0.705409
1903 0.312731 0.475155 0.212114
1056 0.5 0.5 0
1204 0.24752 0.296015 0.456465
2247 0.0766199 0.376049 0.547331
1838 0.430222 0.306318 0.263461
19 0.568612 0.188064 0.243325
920 0.385926 0.0398092 0.574265
1445 0.710027 0.0601164 0.229857
653 0.892258 0.0839997 0.0237421
29 0.392148 0.131943 0.475909
1445 0.0775249 0.161895 0.76058
1954 0.261283 0.690901 0.0478164
396 0.926274 0.0706545 0.00307191
2032 0.376983 0.591925 0.0310919
856 0.54056 0.349301 0.110139
293 0.022968 0.0451292 0.931903
293 0.239998 0.515679 0.244323
721 0.83026 0.147634 0.0221064
1686 0.485341 0.080393 0.434266
223 0.645587 0.350554 0.00385922
807 0.502866 0.184207 0.312926
31 0.00831299 0.154459 0.837228
1831 0.0992109 0.288623 0.612166
1902 0.0499831 0.484984 0.465033
1123 0.350701 0.225034 0.424265
2405 0.173524 0.808125 0.0183503
1432 0.31492 0.633967 0.0511127
592 0.63036 0.0825988 0.287041
1432 0.519459 0.0377697 0.442772
991 0.339575 0.4663 0.194125
122 0.107544 0.704509 0.187948
1607 0.137436 0.777566 0.0849971
1422 0.0985636 0.0558275 0.845609
1784 0.320091 0.558486 0.121423
1423 0.156324 0.808271 0.0354045
853 0.433114 0.549657 0.0172287
853 0 1 0
1343 0.0921537 0.255359 0.652488
1647 0.550374 0.364511 0.0851151
1321 0.272146 0.143693 0.584161
252 0.0221906 0.400455 0.577355
306 0.5 0 0.5
252 0.494693 0.386768 0.11854
1211 0.0661323 0.921455 0.0124125
985 0.531086 0.289065 0.179848
985 0.0597258 0.328891 0.611383
1992 0.694645 0.235243 0.0701122
1458 0.776805 0.137459 0.0857354
1330 0.297535 0.0878719 0.614593
1660 0.153998 0.616569 0.229433
779 0.251083 0.349459 0.399458
314 0.423258 0.103032 0.473711
475 0.49781 0.461882 0.0403084
475 0.0101574 0.938708 0.0511347
1431 0.0898988 0.556934 0.353167
1657 0.0660486 0.349499 0.584453
948 0.169779 0.632631 0.19759
345 0.645644 0.0311246 0.323231
2155 0.11834 0.367882 0.513778
2101 0.492825 0.122376 0.384799
439 0.0139934 0.925066 0.0609409
1105 0.533151 0.0437524 0.423096
1755 0.415072 0.420891 0.164037
497 0.535913 0.3561 0.107987
2344 0.510038 0.324291 0.165671
404 0.15304 0.423611 0.423349
1346 0.0726076 0.166958 0.760435
629 0.291584 0.364509 0.343907
767 0.0811181 0.82783 0.0910517
1505 0.600063 0.0658268 0.33411
1461 0.119286 0.0133098 0.867405
1504 0.394304 0.101705 0.503991
2165 0.499134 0.118198 0.382668
1205 0.345823 0.461765 0.192412
848 0.255461 0.0723584 0.672181
848 0.323006 0.328475 0.348519
1506 0.648628 0.332306 0.0190659
76 0.863337 0.0275246 0.109138
76 0.46682 0.0158993 0.517281
1913 0.634508 0.329102 0.0363902
1421 0.113971 0.719224 0.166805
1271 0.132986 0.61096 0.256054
2268 0.545184 0.345218 0.109598
1956 0.36174 0.617856 0.0204038
2225 0.182014 0.147489 0.670498
332 0.562639 0.318373 0.118988
2237 0.0460532 0.659894 0.294052
732 0.304824 0.315658 0.379519
796 0.0795483 0.56951 0.350942
266 0.692415 0.190344 0.117241
280 0.447103 0.0380155 0.514881
667 0.231374 0.465756 0.30287
931 0.496166 0.353707 0.150127
640 0.528782 0.268842 0.202376
53 0.167606 0.607263 0.22513
77 0.573019 0.373206 0.0537745
2337 0.335164 0.282036 0.3828
2336 0.0891737 0.418644 0.492182
655 0.0885882 0.592295 0.319117
1845 0.407239 0.321498 0.271263
351 0.533109 0.295726 0.171165
1550 0.178477 0.209252 0.612271
1651 0.217518 0.200182 0.582299
1753 0.25299 0.430616 0.316394
165 0.189191 0.633385 0.177424
2142 0.369113 0.248541 0.382345
2346 0.1085 0.636928 0.254572
2346 0 1 0
1552 0 1 0
1587 0.130245 0.39218 0.477576
1587 0.112719 0.754818 0.132463
545 0.303768 0.670205 0.0260269
1080 0.616883 0.20553 0.177587
191 0.203922 0.0323334 0.763745
533 0.0519883 0.59189 0.356122
118 0.555318 0.1067 0.337982
57 0.461286 0.380533 0.158181
40 0.283574 0.543679 0.172747
2023 0.727274 0.0426531 0.230073
344 0.058522 0.842103 0.0993754
344 0.179139 0.790216 0.0306448
2269 0.5 0.5 0
1001 0.890225 0.0452248 0.06455
145 0.62667 0.338468 0.0348618
1283 0.571565 0.212095 0.21634
1642 0.508733 0.486726 0.00454125
1718 0.388354 0.173905 0.437741
1394 0.5 0 0.5
1394 0.5 0 0.5
173 0.435878 0.025805 0.538317
1319 0.121605 0.155813 0.722582
453 0.661898 0.133204 0.204898
1319 0.0643655 0.494444 0.44119
844 0.169612 0.312994 0.517394
111 0.981381 0.0100853 0.00853334
741 0.112972 0.086642 0.800386
740 0.0869785 0.26674 0.646281
526 0.295561 0.561243 0.143196
1458 0.0325798 0.380862 0.586558
1458 0.157617 0.781247 0.0611353
2390 0.608785 0.117111 0.274104
2390 0.179719 0.0867499 0.733531
944 0.528828 0.375867 0.0953053
453 0.404863 0.279664 0.315474
2249 0.298517 0.649296 0.0521868
737 0.329601 0.1436 0.526799
1843 0.0517514 0.54889 0.399359
459 0.409748 0.318808 0.271444
1569 0.890036 0.087356 0.0226084
1316 0.543938 0.0363219 0.41974
364 0.0279279 0.366705 0.605367
1315 0.641705 0.205018 0.153277
1841 0 0.5 0.5
536 0.0342601 0.549165 0.416575
813 0.139101 0.197582 0.663318
143 0.695401 0.137897 0.166702
2344 0.857614 0.00840809 0.133978
1919 0.664979 0.206701 0.128321
750 0.0816297 0.7729 0.145471
174 0.878823 0.0700427 0.0511343
798 0.235407 0.519874 0.244719
824 0.0579458 0.419531 0.522523
2382 0.0681734 0.0707294 0.861097
1475 0.408486 0.111036 0.480478
1859 0.474891 0.438726 0.0863827
994 0.000872791 0.0369807 0.962146
993 0.148572 0.781008 0.0704194
992 0.483793 0.186914 0.329293
1425 0.597802 0.0478107 0.354387
544 0.27678 0.373366 0.349854
120 0.445647 0.315886 0.238467
937 0.210399 0.242198 0.547403
937 0.297662 0.670246 0.0320924
1552 0.110256 0.517187 0.372558
1860 0.0247212 0.11047 0.864809
1058 0.552006 0.0290917 0.418902
350 0.602343 0.160604 0.237053
1833 0 0.5 0.5
1221 0.102259 0.570782 0.326959
1544 0.761593 0.0465836 0.191824
1217 0.0349933 0.563322 0.401685
2335 0.404941 0.152122 0.442938
2334 0.145871 0.458396 0.395732
1812 0.446441 0.216558 0.337001
1703 0.0111797 0.50723 0.481591
712 0.366606 0.313252 0.320142
143 0.146543 0.557385 0.296072
813 0.112346 0.787688 0.0999656
1134 0.970087 0.00233893 0.0275744
1966 0.580576 0.0484135 0.37101
90 0.311501 0.00594989 0.682549
1375 0.0806634 0.314905 0.604431
382 0.111911 0.543406 0.344683
2379 0.431119 0.423356 0.145526
1405 0.0144795 0.89692 0.0886005
1293 0.0162329 0.480412 0.503355
394 0.319971 0.00888319 0.671146
1521 0.182114 0.364533 0.453352
1588 0.176879 0.220273 0.602848
2266 0.00662881 0.550454 0.442917
198 0.587876 0.089933 0.322191
1414 0.984224 0.00508834 0.010688
1694 0.899332 0.0478181 0.0528497
895 0.649227 0.180922 0.169851
1976 0.0160758 0.813572 0.170352
1976 0.0787081 0.341872 0.57942
894 0.23369 0.609655 0.156656
1313 0.478643 0.359861 0.161496
1959 0.292884 0.267936 0.43918
102 0.263235 0.423019 0.313746
1206 0.610936 0.0330577 0.356007
1744 0.907318 0.0487612 0.043921
1924 0.396999 0.298247 0.304754
1230 0.0395533 0.491005 0.469442
1884 0.11596 0.457247 0.426793
86 0.0073175 0.551122 0.441561
637 0.0104044 0.267123 0.722473
91 0.108231 0.523706 0.368062
2115 0.180543 0.503386 0.316071
2018 0.292879 0.263217 0.443905
2076 0.0123559 0.0453616 0.942283
165 0.00645807 0.338455 0.655087
653 0.567701 0.0711786 0.36112
1830 0 0.5 0.5
1933 0.0754824 0.504469 0.420048
1361 0.634572 0.0737356 0.291692
2270 0 0.5 0.5
1586 0.195032 0.686453 0.118516
1586 0.108913 0.615704 0.275383
1061 0.402641 0.586382 0.0109773
1354 0.287328 0.117326 0.595346
856 0.815001 0.0150592 0.169939
211 0.0803082 0.686449 0.233242
211 0.159349 0.0481382 0.792513
234 0.424475 0.306385 0.269139
1339 0.608698 0.334132 0.0571702
1776 0.5 0 0.5
2030 0.109817 0.328189 0.561993
1280 0.251201 0.695692 0.0531068
153 0.279603 0.687264 0.0331325
16 0.413564 0.280749 0.305687
621 0.100258 0.540469 0.359273
1840 0.617663 0.220967 0.16137
2364 0.105463 0.81325 0.0812877
2325 0.449938 0.430356 0.119705
283 0.260225 0.118486 0.621288
406 0.531456 0.431288 0.0372559
804 0.49603 0.364841 0.139129
1026 0.0760892 0.583453 0.340457
1065 0.246018 0.129409 0.624573
108 0.110393 0.652224 0.237383
1662 0.407972 0.115241 0.476787
780 0.272884 0.44293 0.284186
808 0.131286 0.73625 0.132465
11 0.20847 0.600983 0.190547
144 0.194864 0.526403 0.278733
1371 0.302994 0.573584 0.123422
22 0.0044702 0.298119 0.69741
2329 0.496756 0.464262 0.0389815
2327 0.0243837 0.529816 0.445801
2327 0.558903 0.189273 0.251824
504 0.800669 0.060065 0.139266
1458 0.296444 0.222274 0.481282
103 0.107809 0.234202 0.657989
770 0.0496313 0.794749 0.155619
1415 0.110557 0.299578 0.589865
1414 0.0725197 0.296064 0.631416
706 0.063642 0.890655 0.0457032
1562 0.204612 0.4731 0.322288
1563 0.586221 0.339884 0.0738954
758 0.0954959 0.439599 0.464905
1780 0 1 0
2173 0.160419 0.232328 0.607253
1057 0.60075 0.046772 0.352478
706 0.716306 0.133794 0.1499
637 0.741805 0.235401 0.0227943
1134 0.0140028 0.368387 0.617611
704 0.418044 0.14578 0.436176
600 0.439932 0.263147 0.296922
2348 0.622419 0.238014 0.139567
1709 0.2507 0.362512 0.386788
2163 0.862414 0.0941795 0.0434063
2163 1 0 0
2425 0.298538 0.222623 0.478839
1408 0.397445 0.480066 0.122489
367 0.104919 0.763255 0.131826
1801 0.0276113 0.79082 0.181568
1575 0 0 1
650 0.243879 0.658435 0.0976857
802 0.749763 0.161226 0.0890103
310 0.40612 0.0767094 0.517171
456 0.50965 0.306381 0.183969
1809 0 0.5 0.5
1006 0.901115 0.040224 0.0586614
796 0.704541 0.0930291 0.20243
1225 0.175033 0.159734 0.665233
1226 0.603014 0.200282 0.196705
1479 0.212595 0.763666 0.0237387
451 0.0373574 0.0715612 0.891081
465 0.125892 0.481375 0.392734
1028 0.10948 0.0186639 0.871856
222 0.267604 0.0725606 0.659835
464 0.0874995 0.202428 0.710073
2069 0.590272 0.0648633 0.344864
1917 0.0746405 0.598808 0.326552
1598 0.0337681 0.343048 0.623184
2112 0 0 1
204 0.12308 0.861436 0.0154846
1744 0.290354 0.114049 0.595597
834 0.299936 0.371499 0.328565
1807 0.0636004 0.0980839 0.838316
435 0.23933 0.0559134 0.704757
1498 0.457881 0.381472 0.160648
1707 0.280508 0.0492068 0.670285
602 0.231876 0.0319388 0.736185
2135 0.198777 0.480432 0.320791
410 0.500259 0.368673 0.131067
767 0.00786556 0.203243 0.788891
1187 0.369142 0.275419 0.355439
163 0.358982 0.235104 0.405914
248 0.021982 0.0892978 0.88872
698 0.321426 0.0711867 0.607387
1932 0.276818 0.107673 0.615509
988 0.868267 0.0613605 0.0703724
2405 0.578073 0.203605 0.218322
2405 0.443644 0.479989 0.0763668
183 0.06742 0.864783 0.0677974
1960 0.680778 0.0565844 0.262637
422 0.254287 0.0518154 0.693897
723 0.0214034 0.484679 0.493918
101 0.0582921 0.312533 0.629175
1734 0.0645199 0.711955 0.223525
2320 0.507891 0.36253 0.12958
664 0.498669 0.240647 0.260684
754 0.474488 0.388518 0.136995
1950 0.389002 0.547381 0.0636175
1774 0.350501 0.516047 0.133452
1509 0.107642 0.89113 0.00122793
1812 0.689836 0.301827 0.00833728
74 0.5 0 0.5
1677 0.515662 0.35871 0.125628
1676 0.299761 0.653197 0.0470424
2424 0.5 0.5 0
2424 0.202824 0.523497 0.273679
2424 0.0711738 0.648922 0.279905
363 0.128716 0.587138 0.284146
1360 0.0287087 0.552708 0.418583
1759 0.677302 0.0272588 0.29544
1144 0.406587 0.0322263 0.561186
1664 0.128208 0.493209 0.378583
269 0.0940324 0.888481 0.0174864
1665 0.315705 0.105562 0.578734
1403 0.331196 0.636664 0.0321396
1185 0.039954 0.556449 0.403597
1593 0.824128 0.0480351 0.127837
46 0.444616 0.532653 0.0227306
343 0.440798 0.311763 0.247439
1135 0.394455 0.0303042 0.575241
1134 0.350344 0.573739 0.0759165
2143 0.231465 0.414628 0.353908
1599 0.122976 0.0946039 0.78242
361 0.337427 0.163614 0.498959
933 0.231647 0.740027 0.0283268
1650 0.10673 0.297928 0.595342
52 0.456434 0.0723938 0.471172
487 0.523863 0.349396 0.126742
1045 0.428766 0.237512 0.333722
740 0.533117 0.162858 0.304025
1569 0.303186 0.637562 0.0592514
458 0.168298 0.13108 0.700622
1079 0.16937 0.414927 0.415702
1079 0.0616501 0.141017 0.797333
443 0.368548 0.225409 0.406043
567 0.00267354 0.574039 0.423288
1263 0.307089 0.343611 0.3493
592 0.313376 0.347236 0.339388
1557 0.951268 0.0198993 0.0288327
1637 0.39895 0.0868011 0.514249
1400 0.478259 0.512098 0.00964315
2418 0.537788 0.392992 0.06922
607 0.115959 0.427384 0.456658
1221 0.48351 0.393688 0.122802
640 0.257833 0.0707076 0.67146
1969 0.022407 0.638055 0.339538
563 0.148056 0.323424 0.52852
6 0.678966 0.118489 0.202545
1496 0.660129 0.0920375 0.247833
179 0.200406 0.588449 0.211144
179 0.523337 0.125613 0.35105
1718 0.0867562 0.0816344 0.831609
80 0.149924 0.502192 0.347883
816 0.219873 0.621073 0.159054
1937 0.386059 0.0948271 0.519114
627 0.137044 0.605824 0.257132
206 0.914955 0.00535539 0.0796892
990 0.251137 0.582838 0.166025
997 0.26128 0.503093 0.235627
996 0.0596395 0.573948 0.366413
530 0.5 0 0.5
1743 0.83687 0.0248251 0.138305
898 0.0434547 0.664903 0.291642
2180 0 0.5 0.5
158 0.276796 0.350679 0.372526
2180 0.0673586 0.402369 0.530272
689 0.5 0.5 0
1934 0.188655 0.0870244 0.724321
1931 0.641771 0.281974 0.0762556
122 0.512192 0.0283303 0.459478
2105 0.0966604 0.647516 0.255824
955 0.496424 0.180154 0.323422
2066 0.0885289 0.361922 0.549549
606 0.0351085 0.854701 0.110191
549 0.645261 0.313416 0.041323
1345 0.0634581 0.879555 0.0569871
293 0.559851 0.0563503 0.383799
2346 0.683071 0.150023 0.166906
1361 0.0614612 0.886646 0.0518928
818 0.347615 0.0371202 0.615265
513 0.0789708 0.649699 0.27133
82 0.15017 0.558143 0.291686
10 0.108393 0.878394 0.0132127
1001 0.217378 0.370444 0.412178
783 0.113982 0.506535 0.379483
2176 0.263676 0.149765 0.586559
337 0.911969 0.0634587 0.0245721
1268 0.244076 0.490787 0.265137
924 0.427289 0.00355494 0.569156
2009 0.463809 0.168822 0.367369
164 0.177429 0.460701 0.36187
91 0.0290895 0.394724 0.576186
1775 0.132212 0.462389 0.405399
880 0.47224 0.177005 0.350755
778 0.24147 0.479065 0.279465
835 0.000780376 0.897584 0.101635
125 0.0220715 0.0309826 0.946946
317 0.312591 0.540263 0.147146
317 0.804367 0.164921 0.030712
2 0.68314 0.204814 0.112046
87 0.532941 0.0234313 0.443628
407 0.208154 0.319548 0.472299
236 0.0468232 0.813666 0.139511
247 0.0793674 0.211738 0.708895
466 0.132318 0.553849 0.313832
1205 0.283673 0.184012 0.532315
2261 0.5 0.5 0
2148 0.501111 0.0164893 0.4824
668 0.207286 0.258927 0.533787
1245 0.629274 0.180221 0.190504
2229 0.45822 0.238738 0.303042
2189 0.108329 0.1217 0.769971
1334 0.146902 0.702053 0.151045
726 0.311427 0.34842 0.340154
1503 0.452231 0.0516036 0.496165
884 0.120686 0.269083 0.610231
720 0.136089 0.304223 0.559688
2135 0.459015 0.25297 0.288015
2193 0.0795225 0.355766 0.564711
354 0.530293 0.0572833 0.412424
1448 0.440489 0.392191 0.16732
1864 0.393986 0.327924 0.27809
522 0.486301 0.32096 0.192739
267 0.241895 0.382506 0.375599
184 0.33638 0.619298 0.0443215
2014 0.40282 0.532394 0.0647859
2014 0.628618 0.210312 0.161071
179 0.0710963 0.861113 0.0677904
526 0.0271424 0.155417 0.817441
1889 0.460641 0.135091 0.404268
223 0.0814471 0.653329 0.265224
1061 0.833559 0.0839397 0.0825012
1793 0.0441144 0.551595 0.40429
1779 0.5 0 0.5
187 0.177174 0.0574686 0.765358
969 0.186389 0.276999 0.536612
138 0.571927 0.0724891 0.355584
444 0.284031 0.673045 0.0429241
1503 0.470005 0.52709 0.00290508
55 0.123596 0.0984811 0.777923
1952 0.227379 0.0233121 0.749309
2330 0.749179 0.204749 0.0460723
1721 0.205424 0.582924 0.211653
1114 0.135338 0.0094596 0.855203
907 0.623333 0.220968 0.155699
107 0.109316 0.138853 0.751832
1859 0.0535789 0.486142 0.460279
1553 0.0100773 0.172054 0.817869
936 0.266937 0.620773 0.11229
1935 0.0146138 0.0272582 0.958128
693 0.132302 0.396964 0.470734
1003 0.0843528 0.060708 0.854939
338 0.138303 0.255794 0.605903
820 0.175256 0.464199 0.360545
1436 0.585753 0.0877185 0.326529
1618 0.0520394 0.916703 0.0312581
1851 0.343048 0.313863 0.343089
274 0.92044 0.0689005 0.0106593
750 0.377698 0.230172 0.39213
69 0.168762 0.0952827 0.735955
981 0.760253 0.0383971 0.20135
292 0.150166 0.75972 0.0901141
452 0.215762 0.250183 0.534055
1380 0.242183 0.449032 0.308785
850 0.288418 0.361311 0.350271
851 0.5 0.5 0
796 0.586829 0.383665 0.0295065
262 0.539097 0.443754 0.0171484
945 8.91969e-05 0.452879 0.547032
516 0.0451948 0.430163 0.524642
1842 0.40671 0.508388 0.084902
241 0.0672414 0.356613 0.576145
1354 0.648261 0.162628 0.189111
585 0 0.5 0.5
1827 0.682086 0.266719 0.0511951
1844 0.528823 0.290272 0.180906
1448 0 0.5 0.5
452 0.271806 0.34677 0.381424
1586 0.421645 0.537241 0.0411146
372 0.497371 0.466561 0.0360687
22 0.0203574 0.732969 0.246673
725 0.00110359 0.938101 0.060795
2354 0.243191 0.69375 0.0630586
248 0 0.5 0.5
276 0.389829 0.317665 0.292506
1836 0.0404762 0.18774 0.771784
1836 0.325928 0.286192 0.38788
1836 0.712524 0.259487 0.0279886
1343 0.212687 0.375635 0.411678
805 0.342864 0.407002 0.250133
493 0.296554 0.197423 0.506023
285 0.836818 0.147583 0.0155981
1042 0.331546 0.633759 0.034695
2321 0.00320104 0.650319 0.34648
2102 0.362529 0.60833 0.0291411
1659 0.128922 0.614122 0.256955
14 0.00185636 0.619636 0.378508
1668 0.160878 0.783974 0.0551479
1105 0.5 0.5 0
153 0.485739 0.340064 0.174197
1444 0.28411 0.176828 0.539062
1308 0.647827 0.0973813 0.254791
929 0.146918 0.263402 0.58968
2096 0.33771 0.372714 0.289576
1646 0.151386 0.0023495 0.846265
652 0.358587 0.19669 0.444723
2280 0.00711278 0.91341 0.0794774
481 0.540641 0.248919 0.21044
2147 0.355323 0.116377 0.5283
1696 0.543378 0.202658 0.253964
86 0.5 0 0.5
1582 0.437088 0.505391 0.057521
637 0.585862 0.131212 0.282926
1401 0.0503021 0.0485186 0.901179
1405 0.344137 0.518231 0.137632
2306 0.5 0.5 0
149 0.103838 0.702124 0.194039
1711 0.128397 0.482084 0.389519
1330 0.497056 0.261476 0.241468
1931 0.246711 0.73736 0.0159282
713 0.419313 0.463586 0.117101
193 0.144914 0.360337 0.494749
658 0.131855 0.160264 0.707881
337 0.495649 0.0711929 0.433158
884 0.475504 0.315124 0.209372
722 0.491301 0.446672 0.0620263
463 0.317618 0.239321 0.443061
102 0.0217559 0.914817 0.0634276
598 0.0586246 0.044799 0.896576
2024 0.12561 0.590302 0.284088
1128 0.126059 0.790746 0.0831949
2282 0.270855 0.346078 0.383067
1096 0.179545 0.181105 0.63935
1125 0.0241679 0.177685 0.798147
241 0.768951 0.0902262 0.140822
946 0.0472248 0.612165 0.340611
2426 0.0213096 0.556548 0.422143
1525 0.109297 0.745711 0.144992
1293 0.5 0.5 0
1133 0.0212892 0.498239 0.480472
1080 0.0249198 0.550482 0.424598
451 0.825406 0.0597576 0.114836
152 0.0270023 0.825896 0.147102
152 0.23083 0.696626 0.0725432
778 0.77257 0.123206 0.104225
1546 0.290222 0.0630232 0.646754
1483 0.14484 0.774994 0.0801651
1232 0.387327 0.084206 0.528467
75 0.00985319 0.494202 0.495945
362 0.556263 0.214806 0.228931
816 0.518123 0.175438 0.30644
1655 0.39603 0.0120347 0.591935
1492 0.318939 0.303752 0.377309
2267 0.36949 0.367652 0.262858
1809 0.256821 0.192797 0.550381
1253 0.407232 0.372812 0.219956
1343 0.0614768 0.792247 0.146276
1961 0.0332882 0.60638 0.360332
118 0.699449 0.252976 0.0475749
1344 0.671934 0.13422 0.193847
1812 0.00486505 0.887769 0.107366
439 0.21102 0.409645 0.379334
35 0.620074 0.0655553 0.31437
987 0.5 0.5 0
2177 0.0896117 0.294469 0.61592
2378 0.0461417 0.596124 0.357734
1821 0.105864 0.574754 0.319382
2383 0.546572 0.106514 0.346913
1246 0.803595 0.159836 0.0365696
1776 0.197909 0.620025 0.182066
34 0.473282 0.131754 0.394964
1569 0.305157 0.341603 0.35324
1183 0.27518 0.443431 0.281389
1950 0.106379 0.103112 0.790509
415 0.0713807 0.0701097 0.85851
2045 0.0312946 0.580258 0.388447
1781 0.133722 0.24309 0.623188
504 0.5 0 0.5
1930 0.431163 0.362478 0.206359
1930 0.179269 0.184957 0.635774
2122 0.0461688 0.626548 0.327284
1368 0.851821 0.117042 0.0311366
1984 0.365103 0.394124 0.240772
227 0.335002 0.065265 0.599733
1079 0.491069 0.45023 0.0587008
1140 0.266188 0.701554 0.0322579
2 0.396241 0.236167 0.367592
965 0.305365 0.646348 0.0482865
859 0.0667012 0.633446 0.299853
670 0.14256 0.4243 0.433139
1154 0.443984 0.171507 0.384509
2255 0.305271 0.0539107 0.640818
1979 0.0672334 0.387249 0.545518
1724 0.472781 0.276073 0.251145
1598 0.431628 0.107322 0.461051
487 0.731152 0.0992789 0.169569
2203 0.14977 0.485677 0.364553
1661 0.647762 0.322404 0.0298341
100 0.402714 0.416903 0.180384
1512 0.335575 0.289683 0.374742
1586 0.698928 0.0977011 0.203371
1038 0.640577 0.282106 0.0773171
600 0.0139848 0.131928 0.854087
1989 0.824027 0.149761 0.026212
503 0.328483 0.581714 0.0898034
1802 0.156876 0.302374 0.54075
14 0.627369 0.0829746 0.289656
153 0.192526 0.490287 0.317187
275 0.230191 0.548468 0.221341
1921 0.031954 0.679711 0.288335
559 0.310457 0.109254 0.58029
241 0.309669 0.476869 0.213462
101 0.28087 0.193697 0.525433
101 0.655286 0.0965783 0.248136
101 0.137055 0.0460897 0.816855
1421 0.441985 0.380103 0.177912
1749 0.106988 0.472171 0.420841
1133 0.775795 0.0964726 0.127732
764 0.269006 0.438556 0.292438
155 0.542798 0.304675 0.152528
1345 0.111624 0.313051 0.575325
1829 0.588774 0.124843 0.286383
216 0.439971 0.434267 0.125762
1708 0.0809473 0.644413 0.27464
2321 0.32151 0.515221 0.163268
1121 0.539047 0.369579 0.091374
2126 0.0707184 0.0183461 0.910935
1931 0.366171 0.182183 0.451647
1930 0.0130514 0.02504 0.961909
155 0.168851 0.237817 0.593332
757 0.381257 0.0655918 0.553151
644 0.535265 0.190424 0.274311
845 0.39277 0.0545881 0.552642
2181 0.155146 0.644773 0.20008
2270 0.34814 0.331823 0.320037
971 0.477487 0.331439 0.191074
1441 0.149884 0.184885 0.665231
2085 0.251295 0.67381 0.0748954
1827 0.396621 0.0811906 0.522188
388 0.392525 0.0963517 0.511123
1665 0.371917 0.315801 0.312282
450 0.453904 0.471296 0.0747995
2283 0.18361 0.0605075 0.755882
668 0.237522 0.707749 0.0547296
2372 0.44374 0.54702 0.00924048
2206 0.116371 0.106375 0.777255
1388 0.257496 0.650141 0.0923633
1587 0.126688 0.165098 0.708214
1077 0.221804 0.736964 0.0412323
153 0.365824 0.152149 0.482026
1800 0.144924 0.529271 0.325805
478 0.317243 0.0188175 0.663939
1541 0.695488 0.216955 0.0875571
1744 0.440239 0.459523 0.100238
2124 0.106038 0.689877 0.204084
556 0.298616 0.264345 0.437038
606 0.581519 0.413267 0.0052131
1401 0.210843 0.123817 0.66534
1013 0.92174 0.0559693 0.0222911
307 0.0281629 0.928337 0.0434999
462 0.445787 0.542006 0.0122065
2128 0.964055 0.0199516 0.0159939
1401 0.462786 0.0848729 0.452341
1190 0.616261 0.350405 0.0333335
2223 0.0127851 0.743381 0.243834
1458 0.5 0.5 0
2129 0.444667 0.275629 0.279704