-0.784047 1.616275 0.386822
-0.571907 1.481211 0.172086
-0.72598 1.329475 0.132269
-1.059125 0.614992 5.312886
-1.085029 0.471894 5.30349
-0.966566 0.478635 5.320303
-1.291176 2.646193 4.256641
-1.342075 2.70388 3.945517
-1.497244 2.659764 4.189641
1.951008 -0.342242 1.395003
2.1207 -0.5298 1.7152
1.964917 -0.724298 1.464134
0.215418 -2.459957 2.707178
0.324047 -2.481642 2.985099
0.046814 -2.499024 3.081361
-2.24205 0.0729 0.7786
-2.219132 0.19628 0.731512
-2.130094 0.059119 0.605232
0.97589 1.467049 0.669994
0.899039 1.401737 0.52699
0.828713 1.585114 0.710589
0.519348 2.942046 3.582322
0.241191 3.019826 3.468538
0.278277 3.010506 3.717697
-0.818535 0.175349 5.400521
-0.835948 0.330305 5.405942
-0.923717 0.236409 5.310847
0.124751 1.110449 5.181412
0.261749 0.982311 5.141709
0.142186 1.080558 5.12714
-2.887677 -0.275333 2.57297
-2.915809 0.030273 2.642168
-2.876326 -0.037064 2.412421
-1.981034 2.150822 1.97805
-2.0034 2.23535 2.289
-1.80798 2.28597 2.138817
2.508839 0.176771 3.095849
2.510288 0.302849 3.286607
2.571733 -0.134592 3.355356
-0.442772 -0.205813 5.305877
-0.291194 -0.293048 5.327868
-0.325522 -0.202917 5.358045
0.335605 0.767636 0.014256
0.436816 1.174951 0.095313
0.742981 1.005712 0.137329
1.475341 -1.557733 1.241562
1.614242 -1.299259 1.173095
1.682703 -1.464811 1.474339
2.330599 1.182249 3.130033
2.36833 0.972702 3.053643
2.239961 1.186584 2.837366
1.015298 2.124169 1.991673
0.953614 2.202207 2.079634
1.097257 2.192531 2.315038
-1.186805 -2.268019 2.226328
-1.06747 -2.261143 1.977413
-0.9055 -2.31975 2.14295
-2.88355 -0.67055 2.92135
-2.925163 -0.461398 2.97963
-2.900357 -0.475553 2.776135
0.203299 -1.359108 0.058597
0.450821 -1.212993 0.015974
0.409812 -1.463495 0.163142
-1.416163 -1.836302 0.950525
-1.626534 -1.718356 0.989169
-1.453101 -1.665577 0.721009
0.407705 0.630409 5.679646
0.39212 0.530637 5.790887
0.458498 0.485951 5.593835
0.441461 0.06933 5.496343
0.290302 0.02548 5.565057
0.424982 -0.0365 5.471532
-0.973608 2.286587 1.468817
-0.776867 2.372753 1.496173
-0.721797 2.328669 1.363455
0.448625 2.891754 3.04855
0.675802 2.756096 3.049437
0.478342 2.79175 2.722607
2.021706 -0.96861 5.140396
1.849282 -1.520235 4.950251
2.118907 -1.322249 4.835525
0.82075 -2.431645 3.307436
1.028356 -2.38629 3.581374
0.656896 -2.426096 3.72345
-2.850772 1.187504 2.741677
-2.889907 1.075354 2.900046
-2.867731 1.289495 3.28406
-2.728825 1.470547 4.507685
-2.540497 1.654275 4.729056
-2.620228 1.74414 4.236176
-0.42903 0.810249 5.599208
-0.550393 0.935544 5.521118
-0.534953 0.779741 5.583969
-0.613944 1.363455 5.19785
-0.687136 1.303772 5.25847
-0.497966 1.2034 5.198435
1.375268 0.737197 0.656363
1.425762 0.588782 0.697399
1.313368 0.537493 0.538685
2.054301 1.442744 2.625571
1.970491 1.623341 2.649014
2.078844 1.510808 2.774497
-1.550144 -1.709571 4.596666
-1.618543 -1.757125 4.403737
-1.411641 -2.0962 4.459445
-2.692268 -1.029905 2.61107
-2.75079 -0.959148 2.760584
-2.792767 -0.842069 2.630038
-2.440522 -1.287682 2.220292
-2.496762 -1.18385 2.086526
-2.356901 -1.341238 2.033697
-2.468362 -1.051907 1.609808
-2.48648 -0.883857 1.389547
-2.340388 -1.136018 1.396529
-0.096589 2.590573 1.758347
-0.276817 2.529971 1.614211
-0.22028 2.584136 1.740355
0.336195 2.078513 1.022706
0.168334 2.172415 1.069388
0.149396 2.232723 1.159606
-0.206824 2.889328 2.636745
-0.131826 2.845418 2.46982
-0.309059 2.818888 2.407909
-0.83689 2.771166 2.679677
-1.1689 2.68405 2.74495
-0.928503 2.780596 2.895446
0.477934 0.597378 5.501587
0.421674 0.756504 5.420407
0.291687 0.820119 5.586063
2.079584 1.197131 4.497309
1.896815 1.420802 4.580317
1.781098 1.070857 4.726656
-2.66015 0.29975 1.6858
-2.637403 0.566196 1.518402
-2.546738 0.394153 1.342268
-1.930888 2.094566 1.765628
-2.012212 1.950166 1.491215
-2.088375 1.963038 1.67175
-1.787593 -1.319834 0.684503
-1.880803 -1.327747 0.812783
-1.851412 -1.137151 0.599761
-0.288303 0.891128 0.011783
-0.119469 1.149766 0.004757
-0.047277 0.929816 0.009489
1.472655 -1.933704 2.030375
1.44248 -1.878267 1.811465
1.73235 -1.69545 1.95395
2.428614 -1.242942 3.749024
2.546633 -0.946673 3.540999
2.559083 -0.964774 3.830898
1.328081 0.271576 0.539902
1.422348 0.345771 0.655601
1.418541 0.10485 0.658662
0.827815 0.353101 0.109134
0.628146 0.043847 0.058897
0.550726 0.111865 0.047955
-0.312139 0.999256 5.482477
-0.280163 0.902526 5.559852
-0.164958 0.951517 5.525393
0.082205 1.035295 5.408767
-0.000695 0.99953 5.479608
0.177892 0.952536 5.419558
1.565925 2.089281 2.9587
1.759322 1.978341 2.9168
1.727185 1.953014 2.771004
0.948031 2.206508 4.270534
0.774329 2.136162 4.500301
0.880733 2.002669 4.473351
-0.234026 -0.25816 5.413764
-0.247131 -0.362634 5.320943
-0.145993 -0.340082 5.378063
0.226179 -2.485832 3.619539
0.238619 -2.436734 4.008294
-2.31345 1.6547 1.37995
-2.325536 1.712469 1.512439
-2.155663 1.831365 1.471984
-2.326154 0.849128 0.540869
-2.244284 1.107724 0.542893
-2.247843 0.661817 0.399792
0.21272 0.55281 6.284327
0.2361 0.79885 6.18785
0.117987 0.638959 6.441968
-0.373736 0.788372 6.244226
-0.42335 0.876592 6.318559
-0.373324 0.938254 6.29882
-1.142009 -2.395116 3.627831
-1.048022 -2.423802 3.947693
-1.330335 -2.312039 3.883962
-1.6394 -2.0 2.1853
-1.62129 -2.033038 2.383968
-1.834248 -1.834887 2.288324
0.655219 -0.13176 5.323536
0.701817 0.002863 5.310503
0.595871 0.040448 5.347082
0.724837 0.419305 5.141549
0.783412 0.304518 5.171961
0.957405 0.478169 5.081556
1.72807 1.272711 1.638121
1.689358 1.476665 1.790655
1.822768 1.52009 2.137089
1.086756 1.982844 1.751202
0.834064 2.147203 1.73595
1.021018 -1.623607 0.737807
1.249552 -1.636455 1.041123
1.0693 -1.783744 1.062836
-0.673568 -2.130059 1.292413
-0.462657 -2.214071 1.531589
-0.818429 -2.190182 1.487
0.838564 -0.211938 0.1624
0.934676 -0.289423 0.203522
0.827542 -0.342992 0.09877
0.75112 -1.284937 0.130736
0.718913 -1.464975 0.276305
0.588336 -1.304308 0.045942
0.131632 1.376018 5.009236
0.100249 1.202362 5.079395
0.190171 1.213542 5.028678
-0.546304 1.431562 5.147879
-0.41518 1.36417 5.122126
-0.582407 1.870312 5.002551
1.65772 2.102525 3.263019
1.611464 2.136525 3.45441
1.762534 2.048916 3.223717
2.283958 1.299943 4.155333
2.2237 1.6061 4.0237
2.046801 1.605856 4.367734
0.03717 -0.133309 5.568569
0.106708 -0.207228 5.481575
0.125385 -0.128201 5.537322
-0.18505 0.03635 5.7448
-0.267914 0.168243 5.911331
-0.431268 0.172976 5.670473
-2.6482 0.4856 4.5979
-2.776248 0.353195 4.389333
-2.603824 0.128421 4.736949
-2.875513 1.032971 2.685902
-2.898036 0.945806 2.78579
-2.605646 -0.655368 1.510825
-2.585364 -0.899029 1.700922
-2.775146 -0.445557 2.04158
-2.738398 -0.35639 1.848929
-2.74132 -0.637431 1.97666
-2.535134 1.482113 1.62151
-2.54039 1.368142 1.450278
-2.611699 1.340487 1.653823
-2.761907 1.4096 2.586992
-2.649548 1.744052 3.02011
-2.665347 1.641844 2.652301
-0.643461 0.81432 5.521386
-1.003113 0.75725 5.337078
-0.884294 0.690567 5.340903
-0.892065 0.776707 5.370261
-2.836 -0.484508 4.275217
-2.905465 -0.243046 4.074393
-2.904028 -0.597661 3.852728
-2.261337 -1.393207 4.111006
-2.504369 -1.250531 4.100639
-2.204539 -1.481661 3.878214
0.671005 2.697807 2.828347
0.673242 2.630687 2.638426
1.358342 2.211064 3.552493
1.494613 2.165391 3.263497
2.034345 0.998227 2.091356
1.840123 0.854651 1.53095
1.896945 1.127184 1.882741
2.381825 -0.429414 2.352406
2.130595 -0.009601 1.782727
2.284811 0.233347 2.237415
-2.372449 2.144365 3.337901
-2.168618 2.310562 3.203333
-2.321575 2.161792 3.059782
-1.310841 2.729949 3.449998
-1.519183 2.674574 3.344888
-1.478505 2.696226 3.483712
-1.364856 2.604295 2.668719
-1.148063 2.612202 2.451009
-1.269166 2.535902 2.326461
-1.182375 2.262207 1.580466
-1.159947 2.365175 1.776371
-1.0017 2.319 1.55215
0.299443 -1.312214 5.198236
0.315354 -1.019202 5.232485
0.07032 -1.163214 5.235211
1.161983 -0.595556 5.348635
0.762171 -0.408456 5.320887
1.042614 -0.674778 5.337512
-1.294906 -0.784786 0.164645
-1.571721 -0.833568 0.247871
-1.483394 -0.65418 0.173153
-0.063062 -0.944848 0.002103
-0.074542 -1.190745 0.026237
-0.273655 -0.962613 0.017029
0.678427 0.665903 5.181263
0.589318 0.69821 5.291576
0.642539 0.586921 5.288078
0.848781 0.969874 4.985625
0.994008 1.217398 4.90378
0.816535 1.101099 4.959486
1.48411 1.115517 1.016008
1.43227 1.130441 0.939397
1.402154 1.282272 1.024197
0.713511 1.902818 1.077451
0.537725 2.090244 1.207749
0.745316 1.994505 1.291286
0.466554 2.595241 2.159153
0.665561 2.515492 2.316843
0.561658 2.52125 2.133212
-0.096136 2.517114 1.598297
0.073119 2.533135 1.696032
0.063102 2.474208 1.567735
-0.466666 2.938824 3.746164
-0.605801 2.921538 3.547701
-0.638745 2.859091 3.887197
0.070602 1.835232 4.885086
0.13407 2.104849 4.79838
-0.173782 1.829841 4.930612
-1.940877 -1.757502 2.490036
-1.81835 -1.8775 2.66155
-1.914346 -1.787427 2.759739
-2.467367 -1.338551 2.929961
-2.396313 -1.39511 2.760322
-2.20066 -1.558762 2.967418
-2.198817 2.300125 4.097595
-2.084259 2.433389 3.933058
-2.278963 2.246242 3.830999
-2.051901 2.448242 3.624624
-0.416024 1.188776 6.611512
-0.432363 1.151909 6.447583
-0.570172 1.071873 6.577083
-0.487819 0.592668 6.516516
-0.297658 0.397993 6.412539
-0.442183 0.63741 6.63956
-1.4749 -1.629216 4.740119
-1.281709 -1.938374 4.891692
0.350602 -1.842268 5.001675
0.574125 -2.082831 4.678041
0.790899 -1.826398 4.919607
2.521354 0.02241 3.836166
2.5978 -0.34925 3.87985
2.608711 -0.39056 3.580578
1.654 0.685 4.8465
1.81426 0.361051 4.820132
2.038441 0.517239 4.630385
-0.49165 -1.60135 0.48815
-0.115962 -1.709973 0.654388
-0.422721 -1.823432 0.749672
-0.228911 -2.214266 1.544043
-0.077922 -2.118866 1.335503
-0.053852 -2.204145 1.540025
0.421577 -2.392444 2.342641
0.558714 -2.318228 2.082457
0.653236 -2.376897 2.412976
0.471115 -2.179773 1.583642
0.264636 -2.259086 1.763483
0.180932 -2.16113 1.469684
1.340559 -2.298058 3.691665
1.046064 -2.383542 3.374955
1.890585 -1.775864 2.565125
2.0723 -1.5162 2.5093
2.02587 -1.726097 2.895871
-2.706325 0.647953 1.720361
-2.769536 0.544453 2.009617
-2.774148 0.750722 1.96214
-2.826648 0.732217 2.179114
-2.82601 0.468912 2.260102
-2.861137 0.674079 2.351159
-0.399172 0.435497 6.303972
-0.182346 0.124632 5.917469
-0.234202 0.204996 6.069327
-2.629192 -0.570019 4.704444
-2.78259 -0.854371 4.09087
-2.550585 -0.932439 4.610293
-1.0586 -0.0703 5.2366
-0.848095 0.138731 5.303097
-1.042428 0.076556 5.262002
-0.019961 2.304365 1.201541
-0.140914 2.355597 1.258561
0.048005 2.339383 1.28942
2.438328 -0.033018 2.630013
2.492321 -0.349107 2.718097
2.239719 -1.369297 2.837401
2.450712 -1.058597 3.177454
2.292509 -1.390221 3.138629
0.143505 0.782116 6.394907
0.12826 0.891015 6.348573
-0.011489 0.831748 6.578959
-0.160576 0.754741 5.958683
-0.1523 0.74889 5.804978
-0.240756 0.683937 5.760589
-0.707876 2.62461 2.063365
-0.873504 2.589597 2.100001
-0.737466 2.668461 2.210297
-0.2791 2.7456 2.1692
-0.436932 2.734604 2.199656
0.857456 2.502629 2.704842
0.84265 2.56975 2.9069
0.926435 2.471338 2.82125
1.324772 2.160497 2.762287
1.1213 2.2252 2.4896
1.1846 2.26785 2.79645
-0.351 2.99035 3.4398
-0.362139 2.965689 3.126968
-0.848138 2.810194 2.889421
-0.83365 2.7964 2.793
-1.797823 -1.850432 2.08406
-1.681138 -1.945775 1.962001
-1.372547 -2.040203 1.424002
-1.486196 -1.935765 1.271412
-1.182845 -2.02915 1.187015
1.291016 0.769329 0.559011
1.210745 0.528605 0.417748
1.19072 0.733322 0.429634
0.902175 0.239848 0.166556
0.764965 -0.021789 0.126043
0.741798 0.051472 0.101885
-2.406572 1.392417 1.142503
-2.271757 1.515655 1.065488
-2.380881 1.353587 1.034181
-2.487633 0.458247 1.14981
-2.572943 0.632135 1.264675
-2.511439 0.627126 1.083041
-1.714848 -0.698102 0.280942
-1.84309 -0.682312 0.357571
-1.826602 -0.569035 0.314485
-2.071269 -0.367857 0.472009
-2.125482 -0.487152 0.556179
-2.209816 -0.289282 0.648754
1.263129 -2.022367 1.885816
0.800784 -1.81745 0.879988
0.913127 -1.878789 1.100896
0.776777 -1.983205 1.228164
0.801682 1.84646 4.600757
0.619226 2.069704 4.634926
0.549432 1.82818 4.749147
0.593447 1.02185 5.007819
0.783455 1.21488 4.932737
0.547298 1.195021 4.962379
-0.276831 -2.502775 3.156829
-0.484855 -2.512582 3.60158
-0.675778 -2.485401 3.37356
-0.785918 -2.359927 2.289364
-0.69937 -2.407675 2.571653
-1.083954 -2.323329 2.461406
-1.43678 0.702891 5.300042
-1.528135 0.628711 5.274937
-1.237306 0.53473 5.289622
-2.404625 1.492727 5.083601
-2.544582 1.247534 4.971265
-2.230379 1.16015 5.246037
-0.5384 -1.5602 0.44345
-0.621924 -1.762308 0.645542
-0.775985 -1.676985 0.526656
-0.440353 -1.144725 0.137527
-0.572905 -1.071233 0.114524
-0.467 -0.981805 0.066338
0.397602 2.652362 2.246526
0.424122 2.7008 2.419678
0.555179 2.629635 2.385919
-0.240744 2.639069 1.874164
-0.050135 2.653264 1.928794
0.161527 1.01981 5.325908
1.42377 0.784023 0.74186
1.474704 0.676817 0.788061
2.000423 0.704005 1.781243
0.890664 2.597438 3.253173
1.034889 2.444818 3.190733
0.862557 2.568764 2.989632
0.825742 2.683837 3.876657
0.915143 2.482481 4.058016
0.972752 2.49667 3.762785
-0.682295 1.030767 5.350556
-0.629004 0.997216 5.383546
-0.592401 1.021746 5.337027
-2.04313 1.330536 5.373246
-1.929096 0.988146 5.329896
-1.520092 1.117911 5.420132
2.522227 -0.938886 4.270315
2.296497 -1.472318 3.96273
0.757431 0.175556 5.231452
0.839574 0.04046 5.276433
1.010712 0.13569 5.197346
-0.487193 -0.042454 5.385439
-0.259316 -0.003038 5.649426
-0.49018 0.139421 5.601327
-0.401618 0.040161 5.56749
1.003962 1.276272 0.496654
1.094161 1.337691 0.652978
1.217556 1.273904 0.738902
1.232178 1.372678 0.864477
1.284621 1.283587 0.836223
-1.55345 2.18545 1.6633
-1.383228 2.22427 1.632616
-1.59843 2.126769 1.565774
-1.328472 1.689907 0.748026
-1.136327 1.726531 0.715928
-1.099171 1.410748 0.377178
-2.951261 -0.416339 3.4359
-2.930233 -0.49841 3.135871
-2.904224 -0.674029 3.302084
-2.972291 -0.007304 3.55242
-2.95252 0.445862 3.646691
-2.967119 0.286079 3.455555
0.500235 2.578966 4.45001
0.707562 2.71081 4.118651
0.438523 2.895757 4.023057
-0.142113 2.449128 4.66354
0.131185 2.402813 4.667901
-0.029524 2.683702 4.475429
-1.5962 -2.097651 3.317567
-1.627897 -2.053806 3.643554
-1.736617 -1.951005 3.400203
-1.970977 -1.557682 4.119248
1.904148 1.830421 2.850699
1.847275 1.778763 2.621029
1.530013 1.853895 2.15989
1.695866 1.647356 2.060719
1.52935 1.708814 1.850791
1.36346 -0.88923 5.361124
0.844314 -1.645354 5.069062
0.75204 -1.454002 5.170557
-1.570926 2.68079 3.920368
-1.684711 2.653328 3.776983
-1.706131 2.644551 4.063032
-1.782654 2.191371 5.065317
-1.776705 2.474469 4.703974
-1.996027 2.343206 4.622856
0.521307 2.29441 1.576987
0.685323 2.110368 1.44406
0.38705 2.3213 1.47885
0.437231 2.41795 1.719521
0.527157 2.328291 1.650767
0.395152 2.38871 1.614595
1.258137 -0.248765 0.480305
1.05199 -0.303222 0.29488
1.123135 -0.138671 0.380043
0.863617 -1.662509 0.654445
0.92972 -1.428373 0.406683
-2.779706 1.502996 4.164768
-2.71659 1.640323 3.984681
-2.879722 0.758987 4.075049
-2.920722 0.602869 3.830377
-2.875814 0.449059 4.023643
-0.2693 -1.39995 5.2256
-0.302855 -0.967078 5.240396
-0.666628 -1.153278 5.225384
-0.922602 -0.878501 5.204807
-1.067496 -0.745493 5.162234
-1.028691 -1.10798 5.176159
0.733445 0.694695 0.059204
0.813649 0.46028 0.09357
0.391494 0.319915 0.03074
1.032698 1.014139 0.355103
1.118293 1.030731 0.45302
1.112022 0.845884 0.371479
-2.039846 -1.631242 2.059226
-2.058134 -1.590757 1.895497
-1.920247 -1.698203 1.833315
-2.199957 -1.280018 1.321177
-2.268529 -1.246336 1.422131
-2.246336 -1.166261 1.234732
-0.7979 -2.4133 2.73285
-0.6748 -2.45345 2.91975
-0.686898 -2.460968 3.002873
-1.486757 -2.190711 3.103675
-1.753549 -1.945353 3.123338
-1.614466 -2.069364 2.807341
-1.688898 2.383479 2.28985
-1.568837 2.543022 2.696879
-1.445844 2.456974 2.260639
-1.81442 2.573723 3.324501
-1.671468 2.648124 3.523911
2.085123 -1.756027 3.940526
2.175 -1.664 3.7034
-1.611734 -1.100567 0.376008
-1.61392 -1.359423 0.543233
-0.840496 -1.519416 0.390149
-0.752186 -1.320158 0.254486
-0.608964 -1.405804 0.319386
1.381072 -2.233908 3.023542
1.68861 -1.999648 2.829863
1.806835 -1.986041 3.290978
0.782578 -2.260691 2.040604
0.888812 -2.321762 2.411566
0.204873 -0.154227 5.482948
0.516767 -0.52027 5.305368
0.8486 -0.6294 5.3163
0.51093 -0.355788 5.316374
1.966649 -0.128052 1.432605
1.676282 0.487579 1.059852
1.817514 0.292287 1.259048
1.707558 0.305725 1.075631
-2.418491 -0.699294 1.07218
-2.511342 -0.542129 1.215625
-2.386436 -0.346858 0.925508
-2.385501 0.417758 0.922601
-2.35845 0.285213 0.951966
-2.421341 0.382241 1.047454
-0.378257 0.886142 6.750537
-0.48695 0.8765 6.7575
-0.3744 0.87365 6.74895
-0.108805 0.429836 6.475097
-0.007476 0.554229 6.506436
-0.150788 0.632959 6.612194
0.75955 0.626639 5.089814
0.717543 0.544476 5.134194
0.887325 0.552586 5.078782
1.593441 1.30923 4.747864
1.2607 0.96055 4.90805
-2.569437 1.862708 2.907167
-2.07705 2.01975 1.8025
-0.15805 1.1116 6.47875
-0.292415 1.175705 6.545351
-0.169729 1.08801 6.615604
-0.132618 0.977139 6.198509
-0.04661 0.91398 6.078233
-0.072429 0.888978 6.058599
-0.454064 2.526831 1.645422
-0.305231 2.594753 1.770918
-0.60435 2.707559 2.224925
-0.502649 2.684036 2.082072
0.510666 -1.902402 0.943562
0.680452 -1.848005 0.87196
0.620906 -1.964984 1.103083
0.047595 -1.709597 0.636659
0.274448 -1.615406 0.406992
0.231786 -1.80248 0.756726
-0.130283 -0.656117 0.001176
-0.342141 -0.647741 0.005837
-0.163077 -0.552403 0.000641
-0.211028 0.158561 0.006797
-0.304587 0.433554 0.009178
0.1812 0.38425 0.0071
-0.743582 0.711933 5.442472
-0.70755 0.66235 5.4869
-0.702754 0.769842 5.487443
-0.374335 0.505166 5.757847
-0.495826 0.602977 5.638761
-0.534189 0.464956 5.635148
0.52291 0.737666 5.313922
0.508569 0.678059 5.399063
0.364277 0.885412 5.196599
0.229584 0.989851 5.245794
0.433615 0.814589 5.270421
0.231162 -0.886414 0.002668
0.07685 -0.75015 0.0032
0.765477 -0.489983 0.005539
0.88 -0.7182 0.0163
0.7882 -0.9604 0.0043
0.125218 1.086149 5.27639
0.033179 1.170952 5.279221
0.046139 1.102395 5.355193
0.065749 1.586102 4.950643
-0.075233 1.39373 5.048998
0.001562 1.300145 5.095297
-2.702327 -0.956228 2.414904
-2.778872 -0.623707 2.129753
-2.810282 -0.542916 2.225181
-2.930081 -0.551142 3.643899
-2.131719 -1.586387 3.558884
-2.413179 -1.363601 3.732088
-2.457228 -1.355914 3.389977
-0.212743 1.174164 5.319556
-0.253545 1.19125 5.254848
-0.353877 1.138484 5.29787
-0.384611 0.927352 5.540339
-1.921592 -1.629473 1.495373
-1.848287 -1.732546 1.651914
-2.071176 -1.543183 1.711447
-1.738981 -1.646903 1.069526
-1.881595 -1.489236 1.05214
-1.723233 -1.50275 0.810784
1.142457 -2.032165 4.700199
0.864728 -2.244599 4.312601
1.032363 -2.327464 4.012502
1.407656 -2.246273 4.031791
1.257589 -2.210598 4.325803
1.768 2.02715 3.0953
1.6284 2.1151 3.2549
2.233884 1.328458 2.997314
1.5979 -0.2018 0.869
1.807054 -0.184843 1.16484
1.807948 -0.54846 1.124182
1.48835 -1.331994 0.984386
-1.441592 -0.178302 5.180996
-1.549782 -0.556323 5.137009
-1.20365 -0.24595 5.1989
-1.172845 -0.915567 5.115259
0.668657 0.310016 5.211662
0.458388 0.314216 5.565959
0.515415 0.334912 5.484236
-2.634737 0.98487 1.373464
-2.5693 1.0458 1.1829
-2.600842 0.842048 1.254949
-2.70326 1.032452 1.663356
-2.691704 0.909238 1.574738
1.263116 1.751729 1.499258
1.310015 1.627279 1.332039
1.18112 1.735255 1.350573
1.189881 1.521841 0.988412
1.158671 1.663735 1.179745
1.26081 1.566754 1.160261
0.046683 0.913762 5.577796
0.150174 0.863299 5.831809
0.143 0.899 6.03035
0.233577 0.83278 5.893126
-1.19145 1.028888 5.387583
-1.051837 1.162072 5.422588
-1.415222 1.284369 5.463752
-1.299469 1.989286 5.30438
-0.981977 1.683337 5.314286
-1.17495 2.07775 5.2036
0.150439 -0.728601 5.263229
0.319215 -0.609356 5.284131
0.014359 -0.50171 5.284989
-0.1694 -0.67175 5.2797
-0.000808 -0.705948 5.266593
-2.434982 0.55645 0.920128
0.334025 -2.329693 2.011112
0.152775 -2.312104 1.924721
-0.792909 -2.242954 1.682611
2.494443 -0.366443 4.371913
2.416178 0.07389 4.183023
2.169538 0.116607 4.592501
2.316878 -0.32379 4.67259
2.0076 -0.345546 5.01882
2.341226 -0.613239 4.759916
-2.908515 0.278297 2.649367
-2.876381 0.151821 2.434973
-2.964686 0.350575 3.267382
-2.959992 0.516465 3.477113
-2.9627 0.4392 3.20445
-1.28605 2.2651 1.65195
-1.611512 2.313895 2.017332
0.493515 0.157242 5.471176
0.408867 0.211295 5.578294
0.357253 0.101982 5.565882
0.098565 -0.057237 5.610381
0.112368 0.086917 5.798132
0.001632 -0.011623 5.711781
-1.325339 0.112805 5.225836
-1.73002 0.486695 5.215143
-1.705203 0.163288 5.183477
-1.271609 0.326422 5.259721
2.254624 -1.071348 2.431387
2.360702 -1.086392 2.824454
2.229469 -1.288926 2.644376
2.043415 -0.947485 1.754282
0.034925 2.745247 2.193828
0.015518 2.687052 2.036163
-0.08653 2.710282 2.072121
0.118111 2.91569 2.768001
0.261372 2.858359 2.664896
0.061881 2.861899 2.568527
-0.716847 0.442952 5.515479
-0.624474 0.39798 5.568725
-0.667135 0.518232 5.540222
-0.722039 0.199356 5.500073
-0.609565 0.228418 5.556255
-0.711905 0.31263 5.522667
-0.209184 0.989239 6.716433
-0.181123 0.929696 6.709822
-0.119453 0.97057 6.646796
-0.271316 0.819688 6.722953
-0.326228 0.898148 6.75404
-0.346629 0.856525 6.740671
1.471011 1.87183 4.471185
1.624018 1.580196 4.668251
1.753942 1.713142 4.534222
-0.878989 -1.942841 0.887532
-0.8927 -1.775622 0.644033
-0.894818 -2.078904 1.196471
-0.11248 3.000278 3.154087
0.133767 2.94595 2.886709
0.260598 2.95317 3.003072
0.24375 2.90555 2.8091
0.400841 2.003528 0.958187
0.295948 2.003754 0.886118
0.199259 2.092312 0.958446
0.609853 1.479369 0.415818
2.356819 0.937231 2.955929
2.378619 0.794151 2.908944
2.270282 1.032565 2.758016
2.15955 0.7203 2.18495
2.255776 0.708267 2.447413
2.194851 0.589499 2.192431
-0.34584 0.693232 5.681157
-0.33196 0.585499 5.771992
-0.198174 0.727441 5.982234
-0.306807 0.704666 6.108171
-0.244061 0.84975 6.16473
-0.187097 2.317317 1.175935
-0.265977 2.361962 1.252995
-0.422505 2.453541 1.466739
1.486854 -0.629246 5.402397
1.639398 -0.452909 5.298335
1.422206 -0.382187 5.338728
1.061492 -0.047211 5.267498
1.409971 -0.157435 5.246097
-1.736658 0.181911 0.106464
-1.940443 0.331427 0.16333
-2.067281 0.776537 0.144817
-1.987026 -0.583827 0.439867
-1.941192 -0.396362 0.358747
0.579342 -0.329088 0.003401
0.412944 -0.35049 0.002894
0.435593 -0.236117 0.003174
0.679147 -0.210726 0.063161
0.680782 -0.079608 0.086501
0.093559 -2.376493 4.344294
-0.166108 -2.472961 4.125747
-1.240329 -2.334847 4.16756
-2.146696 -1.593344 2.703463
-2.505827 -1.250257 2.431643
-2.612001 -1.126755 2.498921
-2.6287 -1.0588 2.29
0.358949 -2.113251 1.384476
0.633738 -2.054147 1.321743
0.982892 -2.221831 2.134007
1.142349 -2.145702 2.086304
1.089247 -2.245105 2.409892
1.526287 -0.739385 0.71454
1.598233 -0.46788 0.838629
1.726922 -0.888833 1.074928
1.318362 -0.46009 0.494884
1.4113 -0.22345 0.64855
-2.585412 -0.151953 1.39681
-2.502791 0.059991 1.269386
-2.420665 -0.075948 1.057571
-2.78187 -0.210664 1.989318
-2.729662 -0.091318 1.818598
-2.403388 1.797169 1.89919
-2.51965 1.728719 2.104661
-2.409781 1.845499 2.047913
-2.55132 1.600295 1.903551
-2.444868 1.666161 1.712915
-2.599362 1.460998 1.805963
-2.048195 0.850059 5.193337
-2.269214 0.834466 5.058569
-2.159702 0.593283 5.052509
-2.76495 0.5019 4.3871
-2.79693 0.690634 4.306666
2.412066 0.979462 3.309504
2.503536 0.399901 3.439548
-1.291781 -1.515137 4.997646
-0.713909 -1.418947 5.221314
1.527981 2.071177 2.798188
1.613604 1.991805 2.679216
1.20025 1.9868 1.9424
1.348005 1.847817 1.844193
-1.079744 -0.751856 0.112855
-0.884985 -0.882103 0.101256
-1.265781 -0.907739 0.192817
-1.426741 -0.993706 0.253338
-1.113789 -1.009164 0.186201
-1.241982 -1.193687 0.269343
-0.787937 0.970926 5.39769
-0.858963 1.062149 5.374556
-0.862858 0.964097 5.395605
-0.720059 0.828897 5.46822
-0.806092 0.842917 5.426297
-0.794923 0.744604 5.392103
-1.811067 -0.65377 5.112619
-1.825789 -0.409637 5.129877
-2.205166 -0.571326 5.073411
-1.22717 -1.247153 5.050762
-1.633332 -0.89187 5.079953
-1.527843 -1.206559 4.890961
-0.568442 2.869091 2.808648
-0.5655 2.8193 2.5672
-0.682175 2.78393 2.548415
-0.5579 2.4921 4.603
-0.343939 2.70132 4.418307
-0.434438 2.879596 4.03776
-1.004902 2.385891 4.724821
-0.867265 2.545423 4.486583
-0.900491 2.695675 4.194408
-1.593983 2.047898 1.393566
-1.366112 2.122361 1.427276
-1.60735 2.0341 1.3724
-2.129873 1.69204 1.137929
-2.246667 1.641509 1.227383
-2.051634 1.800769 1.225108
-0.999276 2.518489 2.02067
-0.809599 2.554113 1.942776
-0.992516 2.460887 1.860608
-0.586384 2.39499 1.416466
-0.658634 2.410817 1.488571
-0.609807 2.470064 1.592249
-0.5143 1.0767 6.7689
-0.609991 0.92682 6.695871
-0.501339 0.840787 6.357081
-0.389001 0.627369 6.191018
-0.6323 0.8071 6.5889
1.362496 1.095164 0.80769
1.283056 1.175281 0.747586
1.208482 0.978314 0.538299
-2.883067 1.198567 4.05704
-2.911181 0.949898 3.984
-2.87002 0.967531 4.180868
-2.957494 0.708085 3.462547
-2.9578 0.78325 3.40225
2.349236 1.348438 3.782701
2.190786 1.538645 3.174113
2.160356 1.657651 3.297871
2.295782 1.425621 3.448066
1.925 -1.7793 2.6846
1.908072 -1.879379 3.098508
1.34508 -2.088099 2.253439
-2.728135 0.842695 1.729174
-2.791074 0.899073 2.018316
-2.710473 1.247181 1.947435
-2.715273 1.346115 2.131367
1.1302 2.34385 3.09435
1.144781 2.336661 3.217369
1.280725 2.250772 3.168113
1.369723 2.165026 2.88581
1.16519 2.294898 2.838487
0.849958 2.677636 3.69544
0.990273 2.504149 3.450444
1.239889 2.285879 3.38755
-2.600067 1.832956 3.904691
-2.623925 1.822799 3.587396
-2.738828 1.609532 3.773552
-2.326546 2.197061 3.446167
-2.354092 2.166775 3.6287
-2.176542 2.332798 3.449157
-0.019403 1.220468 5.207549
0.062825 1.168928 5.140554
1.221324 1.874178 4.452522
1.321815 1.713468 4.642806
0.957516 1.331825 4.882607
-0.165354 -2.475998 2.811968
-0.387882 -2.466073 2.842314
-0.248545 1.520477 5.036559
-0.340601 1.40298 5.09251
-0.263798 1.329723 5.092207
-0.287243 1.194135 5.137759
-0.190781 -0.174582 5.512636
-0.223291 -0.103504 5.557204
-0.321662 -0.12742 5.466336
-0.04295 -0.082754 5.624878
-1.082875 -1.664991 0.546131
-1.34737 -1.282823 0.337628
-2.395232 1.928892 2.276114
-2.491663 1.862401 2.414022
-2.378834 2.033692 2.642419
-2.223499 2.158897 2.638114
-2.269942 2.048675 2.331378
-0.023962 -2.299163 1.857917
-0.04315 -2.3581 2.07215
-0.272361 -2.341621 2.01445
-0.197728 -2.385148 2.199921
-0.349754 -2.425159 2.481896
-0.3572 -2.3891 2.24175
2.003847 1.651593 2.779391
1.972378 1.753911 2.875331
2.023066 1.765066 3.025559
2.074245 1.595551 2.887711
1.346869 0.119982 5.117108
1.473274 0.183566 5.044991
1.390328 0.374651 5.007728
1.188607 0.27596 5.094597
0.669514 0.230094 5.252293
0.604772 0.210835 5.346047
0.653537 0.13521 5.303855
0.492904 0.250474 5.501574
-1.749032 2.47412 2.69371
-1.701712 2.547215 2.926807
-2.144918 2.269611 2.872368
1.280664 -0.942837 0.429345
1.185381 -0.603509 0.310042
1.3583 -0.7586 0.48665
0.941985 -0.953887 0.067088
0.800651 -0.966678 0.009572
1.00911 0.785605 0.259978
0.695925 0.077557 0.077505
-2.343138 -0.526551 0.867265
-2.283355 -0.703313 0.831223
-2.127395 -1.029519 0.851439
-2.002825 -1.041296 0.700288
-1.992108 -1.181075 0.809123
-1.248587 2.72331 3.119786
-1.260553 2.737098 3.286573
-1.045264 2.787016 3.237462
-0.971634 2.81739 3.613002
-1.232919 2.735726 3.739514
-1.071461 2.735497 3.927897
1.83087 -1.458747 1.760047
1.784255 -1.253568 1.445045
1.946933 -1.310637 1.854152
1.930129 -1.663743 2.38201
1.926667 -1.515857 2.078701
-0.74892 0.580787 5.460489
-0.885 0.6192 5.3283
-0.84367 0.519281 5.32423
1.803949 0.060329 1.192445
1.680859 0.052417 1.006619
-0.87093 2.256379 1.328103
-1.032304 2.206912 1.362468
-1.383787 2.059635 1.322269
-2.876372 0.496153 2.501679
-2.856139 0.343817 2.409342
-2.729306 0.224979 1.885037
-2.69825 0.093752 1.762503
-2.790146 0.00295 2.025474
-2.585429 1.175164 1.353343
-2.605935 1.251253 1.508539
-2.432186 1.225927 0.99418
-2.495339 1.228003 1.148504
-2.381044 0.535585 0.812978
-2.444884 0.674238 0.856189
-2.434163 0.724901 0.797694
-2.562333 0.90891 1.118147
-2.532903 1.082614 1.114058
-2.49815 0.89555 0.94155
-0.346679 0.293355 5.847581
-0.338864 0.45943 5.841702
-0.395312 0.508434 6.197874
-0.509133 0.625399 6.417977
0.582227 0.618203 5.351242
0.618213 0.363254 5.345551
0.656367 0.442943 5.262703
0.579307 0.434888 5.394089
1.327965 -0.077811 0.572718
1.227181 0.067848 0.454253
1.03205 0.15715 0.2737
0.87978 -0.016217 0.197693
1.04657 0.203104 0.280215
-0.8065 -0.9167 0.09325
-0.737665 -0.81288 0.061461
-0.610145 -0.851266 0.047495
-1.485802 -2.198945 3.339067
-1.376904 -2.288001 3.511486
-1.507882 -2.166201 3.784115
-1.177835 -2.330591 2.757803
-1.136487 -2.365798 3.091015
-1.4013 -2.2401 2.8895
-2.501407 1.833454 4.47456
-1.498319 2.226124 5.139718
-1.49275 1.972059 5.330572
-2.604684 -1.178607 2.745541
-2.710669 -1.056885 2.956331
-2.834388 -0.875379 3.572717
-2.77988 -0.969314 3.186048
-2.696432 -0.582599 1.762036
-2.65928 -0.771147 1.785164
2.6196 -0.68075 3.58075
2.414691 -0.837248 2.702579
-0.796053 0.226063 5.455599
-0.810877 0.288229 5.466514
-0.868416 -0.014748 5.266078
-0.668351 -0.011578 5.322425
-0.722155 0.02151 5.312048
-2.249219 -1.521035 3.228994
0.594061 2.885362 3.349458
0.770989 2.760911 3.486432
-0.16126 2.273487 1.104403
-0.070669 2.218126 1.034315
-0.133646 2.170321 0.933557
0.103751 2.059241 0.856043
-2.549236 -0.331651 1.264763
-2.283103 -0.05787 0.807871
-2.154967 -0.074902 0.611598
-0.832212 2.022492 0.904509
-0.644972 2.224862 1.115328
-0.459261 2.267877 1.107092
-0.653383 2.360274 1.381393
-1.741067 0.811945 5.290744
-1.772932 0.663316 5.231936
-1.48773 0.969659 5.378989
-1.247413 0.909349 5.350408
1.119882 -1.979913 1.563267
0.986286 -2.087431 1.698285
0.852438 -2.048461 1.457401
0.727089 -2.119994 1.567029
0.894854 -2.175944 1.865763
0.0324 0.9748 6.2049
-0.114835 1.06298 6.34383
0.010497 1.003086 6.307729
-1.765514 -1.771733 1.472377
-1.293514 -2.099013 1.505086
-1.5657 -2.0177 1.77505
-1.556544 -1.969826 1.526517
-1.4187 -2.1954 2.43785
-1.399437 -2.181485 2.1887
-1.322829 -2.241075 2.423587
-1.550448 -2.110313 2.646937
-1.565069 -2.089878 2.528852
-1.427775 -2.201161 2.607479
-2.281013 -1.436012 2.182083
0.504443 1.550873 4.850141
0.47331 1.260422 4.946003
0.712235 1.503876 4.807384
0.184012 1.107523 5.076421
0.806265 2.234144 1.8934
0.5034 2.5296 2.0504
0.519604 2.388607 1.758375
0.509339 2.449583 1.880595
-0.140156 3.019611 3.567121
-0.023682 3.024784 3.368853
0.261285 2.609878 4.497908
0.025344 2.936357 4.091489
0.177417 -0.257872 5.409662
0.200491 -0.427464 5.300084
0.085825 -0.422123 5.301054
1.178711 -1.171792 5.307194
1.315452 -1.400127 5.252499
0.26509 0.457734 6.123569
0.240375 0.297179 5.960701
0.304639 0.443237 6.005382
0.17682 0.211475 5.919382
0.228418 0.042781 5.625004
0.277956 0.238767 5.781938
0.954657 2.374968 2.5628
1.007357 2.358419 2.642722
1.108636 2.280755 2.627195
0.7478 2.4191 2.22455
0.694171 2.397785 2.082064
0.757574 2.433985 2.28902
-0.281536 2.457868 4.659173
-0.764297 2.205275 4.848149
-0.928157 2.129523 4.97213
2.068108 0.387022 4.617849
2.321552 1.056314 4.166423
2.437601 0.860254 3.825036
2.396005 1.200051 3.700041
0.508619 -0.615335 0.00432
0.48548 -0.744522 0.005403
0.377855 -0.613205 0.003579
0.561679 -0.459767 0.003186
0.3062 -0.453237 0.002359
-0.748363 2.46046 1.672446
-0.59077 2.607498 1.929188
-0.620997 2.525366 1.734649
-0.744619 2.535751 1.851846
0.500037 0.944415 5.042185
0.581502 0.821566 5.055733
0.700143 0.945265 5.013203
0.42494 1.084713 5.017817
0.337129 1.024092 5.052029
0.344681 2.521774 1.883329
0.19775 2.455045 1.615007
0.004422 2.983007 3.032414
-0.071472 2.923909 2.769721
-0.244262 2.96289 2.97522
-0.363693 2.899713 2.757401
1.956367 1.264887 2.15444
1.891077 1.432577 2.191859
1.915219 1.55084 2.400587
2.007601 1.385074 2.430284
-2.951159 -0.325397 3.708627
-2.932 0.266128 3.847068
0.230867 2.908687 4.129345
0.432351 2.069237 4.729055
-0.5376 1.0792 6.4335
-0.177918 0.912598 6.15537
-1.995823 -0.265203 5.127963
-2.43454 -0.270241 4.96881
-2.315743 -0.028619 5.023716
-2.0425 0.5232 5.1163
-2.837512 1.149251 2.547539
-2.834004 1.02625 2.352015
-2.901966 0.82033 2.664307
-2.789122 1.186022 2.281956
-2.78531 1.133672 2.173882
1.948392 -1.891652 3.907936
1.608638 -2.153478 3.60957
1.791232 -2.01346 4.09497
1.566246 -2.067898 4.463593
-0.158941 1.223147 5.22675
-0.104702 1.253389 5.143681
-0.202434 1.257138 5.128052
-0.58059 1.011668 5.404359
-0.468927 1.036046 5.429706
-0.517382 1.058832 5.331421
-0.356137 1.052986 5.438171
-0.329727 1.105861 5.382007
0.864922 1.74186 0.968994
0.925354 1.643537 0.870354
0.778906 1.683857 0.824012
1.040793 1.692307 1.087104
-1.4128 2.3715 4.9682
-1.203248 2.524382 4.575716
-0.161331 0.857717 5.640425
-0.14903 0.788346 5.721267
0.002799 0.853279 5.716104
-0.032054 0.851784 5.90153
-0.070454 0.83902 5.973791
-0.000516 0.882277 5.983199
-0.279012 2.318419 1.16646
-0.390453 2.252378 1.060805
-1.893756 -1.291367 4.704074
-2.289403 -1.286729 4.460532
-2.221473 -0.938889 4.944548
-1.919233 -1.108462 4.917551
-1.812421 -0.865652 5.075227
1.310172 1.439455 1.051101
1.6428 1.4647 1.67615
-1.323867 2.348911 1.866597
-1.51308 2.31047 1.919093
-1.359843 2.402259 2.028798
-1.157653 2.417151 1.890038
0.382449 -0.169605 5.403505
0.303274 -0.132424 5.459733
0.256041 -0.218919 5.415416
0.522518 0.059751 5.425018
0.526266 -0.094461 5.373348
1.43307 0.963738 0.835123
1.511898 0.819275 0.892491
1.742167 1.021103 1.444348
0.927575 0.883586 4.989463
1.029802 1.082529 4.92719
0.903603 0.593546 5.059166
-2.511644 1.979986 3.25302
-2.706263 1.674876 3.390739
0.463218 0.774305 5.339598
0.330822 0.879935 5.308867
-1.027935 -2.401996 4.246458
-0.762911 -2.471884 4.043428
-0.817263 -2.42162 4.36579
-0.916295 -2.145738 4.934452
-1.144475 -2.296861 4.526638
-0.731317 -2.370012 4.583972
-2.092384 -0.904439 0.705619
-1.283843 -2.145512 1.688336
-1.357174 -2.157124 1.919721
-1.089432 -2.215259 1.773901
-1.18836 -0.680654 5.147921
-0.891455 0.062501 5.272604
-0.317186 -1.551083 0.465683
-0.477835 -1.198406 0.180896
-0.534718 -1.260126 0.215684
1.325871 2.15959 3.853822
1.455794 2.108349 3.957454
1.554285 2.144836 3.697399
1.235601 2.012041 4.237576
1.110997 2.115983 4.157466
1.009002 2.018567 4.345957
0.787974 1.528154 0.583808
0.26579 1.929547 0.766737
2.107803 -1.585086 2.825242
2.296662 -1.481772 3.658155
2.25521 0.893963 2.579625
2.342476 0.574922 2.61067
-0.463633 -0.880231 5.238317
-0.848026 -0.640261 5.212356
-0.804708 -0.820682 5.225537
-0.517204 -0.545614 5.267291
1.3508 2.0504 2.36745
1.318399 2.112578 2.555808
1.416396 2.029106 2.440781
1.44245 1.9407 2.22705
-2.745847 -1.038004 3.402025
-2.633223 -1.192419 3.353818
-2.632106 -1.190152 3.573045
1.657139 1.859763 2.404332
1.607188 1.965993 2.57606
1.709188 1.886174 2.562209
1.784856 1.767109 2.455121
1.884189 1.669713 2.51004
0.055777 -2.117407 4.858901
-0.435431 -1.894921 5.133306
-0.789515 -1.81357 5.168608
-0.923124 -1.914552 5.114388
-2.936636 -0.118142 2.89037
-2.910775 -0.186499 2.683325
-2.967051 0.08621 3.14592
-2.950069 -0.172839 3.099047
0.561534 -2.467262 3.117045
0.631457 -2.429045 2.727185
0.789297 -2.434333 3.081279
0.960131 -2.379817 2.889147
0.881691 -2.363881 2.62391
1.196243 -2.25735 2.677164
0.714172 -1.577334 0.411079
0.445406 -1.749565 0.629018
-1.963136 2.529142 3.840248
-1.818982 2.606765 3.663019
-1.846798 2.601985 3.84623
0.79594 1.322192 0.365455
0.79567 1.450865 0.493958
0.916345 0.972981 0.241092
1.0169 1.0579 0.36235
0.95692 0.839748 0.229989
1.497549 -1.086446 0.803372
1.418321 -1.234517 0.796298
1.30849 -1.191139 0.607011
0.706894 2.182985 1.612932
0.882759 2.036752 1.56678
0.258154 -2.079045 1.287931
0.090037 -2.034184 1.171582
0.448346 -2.00272 1.143144
0.50519 2.932053 3.831502
0.692703 2.828081 3.754776
0.640688 0.30242 5.30372
0.575912 0.304163 5.398089
-1.030636 2.571757 2.198988
-0.979602 2.649808 2.392313
-0.845498 2.650834 2.256392
-1.087189 2.679851 2.626604
-0.306789 -0.701041 0.008333
-0.789571 -0.505876 0.032101
-0.599467 -0.648309 0.016211
-0.810206 -0.714242 0.056998
0.238884 1.062274 5.058404
0.34565 1.2716 4.97075
-0.241747 0.742105 6.685596
-0.364305 0.778338 6.715459
-0.337974 0.652799 6.655769
-0.315011 0.517121 6.558037
-0.441345 0.659196 6.659655
-0.538362 2.930929 3.153576
-0.739866 2.868841 3.124345
-0.723732 2.889203 3.346006
-0.9723 2.818332 3.387388
-1.133424 2.772494 3.547134
-2.909218 1.147839 3.38374
-2.924801 1.107034 3.539747
-2.847311 1.378216 3.653857
-2.799695 -0.315394 2.119075
-2.847552 -0.211143 2.306189
-2.81861 -0.160992 2.162117
0.559342 0.758319 5.253188
0.492001 0.812918 5.181644
0.482311 0.796963 5.267817
0.394495 0.863613 5.124966
1.78128 -1.2134 5.228815
1.537299 -1.57986 5.100906
-0.480212 0.745239 5.616707
-0.246731 0.749066 5.690975
-0.281182 0.818988 5.623838
-1.212217 -1.47632 0.420127
-0.986765 -1.313367 0.26417
1.780554 1.928656 4.297576
1.60715 2.07315 4.0282
1.482779 2.022707 4.215941
1.944773 1.989823 3.513948
1.768275 2.083923 3.702915
1.918287 1.987188 4.010507
1.512172 0.431772 4.952449
1.346569 0.677686 4.946026
1.2234 0.4511 5.0224
1.041799 0.56572 5.035449
-0.319814 0.536042 5.852146
-0.2997 0.5665 5.948
-0.255244 0.625094 5.869265
-0.350827 0.421558 5.96779
-0.329529 0.495896 5.933157
-0.009326 1.858273 0.554863
0.149785 1.662243 0.395152
-0.023849 1.535232 0.228984
-0.227444 1.628653 0.275202
-0.428541 1.853 0.493709
-0.019635 -0.299752 0.001565
-0.237811 -0.513909 0.001138
0.20015 0.06285 0.0047
0.410636 -0.040285 0.00358
0.497296 -0.115556 0.01275
0.313603 -0.165197 0.002901
0.362927 2.270615 1.363969
-0.143852 2.390707 1.320384
0.043399 2.405257 1.416029
-0.792241 0.418647 5.455815
-0.869386 0.393617 5.323422
-0.06276 1.08151 5.418372
-0.191341 1.133621 5.383348
-0.083639 1.009329 5.482816
-0.089072 1.183959 5.322055
-2.258746 -1.315134 1.560231
-2.089935 -1.475709 1.518916
0.089764 0.415202 6.359836
0.012159 0.066096 5.83259
-0.045496 0.137187 6.004082
-0.110673 0.032329 5.780307
-0.588551 -0.973955 0.066853
-0.462999 -0.705918 0.016763
-0.28286 1.079633 6.723272
-2.267348 -1.482402 2.467242
-2.182097 -1.557315 2.543097
-2.318819 -1.44833 2.579721
-2.196639 -1.526768 2.309606
-2.033434 -1.659654 2.290908
-2.117695 -1.603778 2.457826
2.197948 -1.000251 4.927468
2.348776 -1.007283 4.670828
2.212155 -1.412765 4.530032
2.117516 -1.317343 2.31671
-2.93035 -0.2272 2.8707
-1.639244 -0.635152 0.229339
-1.63022 -0.53483 0.205108
-1.509803 -0.578285 0.166391
-1.813245 -0.372656 0.269075
-1.904408 -0.231652 0.303751
-1.446971 -0.369298 0.11429
1.932636 -0.913952 1.485971
1.949895 -1.100919 1.656575
1.841679 -1.035145 1.381644
1.704403 -1.145255 1.191911
-0.629867 2.881149 2.968263
-0.423594 2.929499 2.946831
-1.94015 1.82925 1.15775
2.088017 1.220415 2.444726
2.115604 1.310508 2.619565
-1.786707 2.205571 1.892802
2.579033 -0.722297 3.343362
2.514805 -0.771438 3.046554
2.593214 -0.432647 3.25826
2.529608 -0.23042 2.971941
-0.047424 0.934772 6.590181
-0.1447 0.9358 6.6862
-0.112802 0.740942 6.65396
-1.697441 -1.928666 3.907546
-1.779611 -1.889945 3.571
-1.460417 -2.133448 4.198082
-1.451972 -2.186256 4.029284
0.1968 2.6088 1.9455
-1.888086 2.554988 3.485243
0.942029 -1.778749 0.928036
0.64915 -1.76305 0.69165
0.580289 -1.770135 0.686692
-1.058363 0.325328 5.294781
-1.089953 0.155584 5.263716
-2.0075 -1.48495 1.3246
1.02931 -0.306558 5.31482
0.835452 -0.10829 5.304276
0.795006 0.798491 5.033617
0.824956 0.707976 5.047839
0.961888 0.725374 5.018223
0.59412 0.761276 5.15536
0.694576 0.715656 5.102971
0.641515 0.782258 5.069518
-0.418991 1.681347 5.026192
-0.352579 1.695381 5.007337
-0.342143 2.292722 4.765292
-0.607197 2.262813 4.788922
-0.466358 1.979071 4.92939
-2.72681 -0.817443 2.169405
-2.666353 -0.859167 1.964318
-2.641176 -0.974546 2.110127
-2.520169 -1.062799 1.810661
-2.428249 -1.211197 1.879389
-2.570967 -1.061005 2.011983
-0.414744 1.099013 5.347337
-0.406304 1.165385 5.180036
-0.484559 1.094971 5.234851
-0.425577 1.100223 5.280288
-0.050518 0.892031 5.603918
0.124251 0.860202 5.741198
1.299307 0.420478 0.512814
1.159249 0.528752 0.364235
1.129441 0.383397 0.328815
-1.758105 -0.819948 0.348938
-0.754058 2.758743 4.106717
-0.802197 2.815956 3.859403
-0.730569 2.659136 4.335562
-0.618231 2.802319 4.102268
-0.113171 2.776568 2.251316
-0.170715 2.726782 2.102111
-0.286725 2.69904 2.037527
-1.607347 2.630919 3.204077
-1.511738 2.62291 2.973323
-1.617229 2.608231 3.083794
-2.405882 0.95944 5.006933
-2.239989 1.000699 5.16361
-2.855945 1.104162 4.288999
-2.833287 1.335953 4.23157
2.44672 0.794936 3.304743
2.489656 0.508412 3.58121
2.355036 0.447192 4.183635
-0.143675 2.183121 4.809237
0.380636 1.897246 4.805599
0.310595 1.910256 4.820845
1.624116 0.308475 4.943557
2.096425 -0.09281 4.781157
1.860641 -0.124835 5.001903
-1.93589 2.342435 2.533183
-2.0263 2.384961 3.041594
-1.88248 2.448347 2.875794
-1.191476 0.604139 5.300905
1.015579 -1.933504 1.335153
1.361584 -1.426084 0.900461
0.203593 -2.380794 2.194738
0.0279 -2.428531 2.436755
-2.57331 0.236702 1.469833
-2.63792 -0.00481 1.555949
1.498781 -2.061802 2.535998
1.397529 -2.16317 2.692523
1.282693 -2.182906 2.503974
-0.303731 1.051142 6.317392
-0.20386 1.043741 6.293397
1.030435 0.407384 0.240303
0.981726 0.515915 0.205111
1.100403 0.578042 0.314851
1.614088 -1.926988 2.325227
2.124658 0.22779 1.839256
2.023386 0.269162 1.632812
1.987525 0.465309 1.63676
2.062493 0.398904 1.770067
2.112234 1.812746 3.514448
1.945607 1.879315 3.091239
1.865883 1.989972 3.210147
1.978713 1.908472 3.271496
-1.751839 1.832596 5.340405
-2.242203 1.885772 4.917653
-2.164173 1.630047 5.220954
-1.439978 1.450978 5.511382
-1.196517 1.395701 5.479386
-1.380525 1.60165 5.474357
-0.169965 2.688553 2.000363
0.234904 -2.496082 3.250094
0.50875 -2.4712 3.32205
-1.803638 1.998631 1.419329
-1.82488 2.079421 1.623357
-1.819052 1.894492 1.206002
-1.928205 1.889032 1.274668
-1.78443 1.951597 1.307077
0.333072 1.482419 4.919013
0.390133 1.697366 4.855137
0.192859 1.581227 4.925451
0.404871 1.375569 4.926516
-0.545019 0.719076 6.643379
-0.516087 0.771277 6.714637
-0.620237 0.84419 6.673744
-0.526742 0.813847 6.730187
-0.23025 -1.43065 0.35455
-0.034505 -1.434158 0.299237
-0.193652 -1.626164 5.183641
0.261212 -1.667486 5.10627
0.334492 -1.492247 5.162435
-0.910895 -1.021671 0.141965
-0.846937 -1.089902 0.146638
-0.118999 -2.244402 1.649773
-0.396768 -2.29159 1.816182
-1.938625 -1.772453 3.032915
-2.063836 -1.665196 3.146708
-2.014174 -1.703142 2.848933
-0.263681 0.292119 6.249529
-0.366101 0.376831 6.132363
-0.320905 0.288716 6.058861
-1.287206 -2.32086 3.286367
-0.806149 -2.477151 3.699976
-2.302192 1.949388 2.084916
-2.124479 2.015994 1.905205
-2.082623 2.132335 2.151461
-2.083402 2.222375 2.454862
2.423538 -1.217693 3.45222
-0.856207 2.434254 1.694212
-0.80475 2.394181 1.564704
-0.625055 -0.363499 5.265784
-0.99855 -0.33565 5.21195
-0.240041 2.438 1.402147
-0.382993 2.402556 1.344536
-0.481638 2.357058 1.284353
-0.57338 2.341626 1.29803
-0.496666 2.396848 1.37784
-2.417387 1.541787 1.397268
-2.252458 1.863124 1.727671
2.623826 -0.719498 3.789893
-1.862835 -1.771403 1.943062
-1.785076 -1.809404 1.739719
-1.701894 -1.863081 1.610611
-0.532631 -2.05758 1.119911
-0.722243 -1.96603 0.922757
-0.526613 -1.914312 0.851422
-0.237337 -1.833867 0.800732
-0.173029 -2.004741 1.078596
-0.250969 2.981162 3.801472
-0.358326 2.984184 3.612627
-0.620382 0.933117 5.492475
-0.531979 0.977068 5.485932
-0.722272 0.964428 5.437069
-0.75634 0.866875 5.441255
-1.1036 1.3624 5.4645
-0.573488 1.072943 5.284416
-0.633493 1.14506 5.266007
1.083176 2.367993 3.66498
1.182385 2.242464 3.763764
1.2243 2.2792 3.577
1.044933 1.572361 0.884702
1.044492 1.49396 0.771992
1.150723 1.433327 0.829881
1.51276 0.365122 0.788303
1.561437 0.036272 0.839504
1.646122 0.348148 0.985246
1.560326 0.56988 0.888829
-1.029636 0.819909 5.34913
-0.913112 0.866354 5.381769
-1.030814 0.902126 5.366501
-2.9526 0.83665 3.60685
-0.623443 0.316453 5.569135
-0.527567 0.313528 5.633757
1.857795 0.888104 4.719604
2.21054 0.735145 4.418325
2.046114 0.997616 4.56277
0.9873 -2.3738 3.7847
0.558937 -2.397752 3.949531
-0.349469 -2.318466 4.706517
-0.383907 -2.418169 4.441271
-0.279472 -2.392928 4.496484
-0.282236 -2.463936 4.227145
-0.452219 -2.456787 4.308385
-0.526283 -2.488804 4.080492
1.858152 1.618916 2.367567
1.199828 -0.93791 5.343006
1.074848 -0.803968 5.331969
0.59913 -0.784596 5.278914
0.78486 -1.123506 5.268306
-2.073391 -0.246705 0.479528
-2.162862 0.223394 0.622574
-2.089649 0.027584 0.546411
0.533349 0.24404 5.444315
-0.657605 0.067184 5.400245
-0.651709 0.124397 5.481078
-0.747952 0.149792 5.443426
-0.594369 0.143581 5.533439
-0.486869 0.042595 5.511692
0.49432 -2.264852 1.840166
-2.768236 1.038796 1.96715
-2.800011 1.007989 2.130692
-2.757675 1.134675 2.028316
-2.851643 0.817263 2.325526
-0.272794 2.400363 1.330548
-0.067179 2.430619 1.421071
2.105107 -1.207578 2.145826
2.187591 -0.941184 2.111637
2.066697 -1.094202 1.928871
-2.495624 0.814482 0.932372
-2.523325 0.822359 1.013578
-0.510486 2.767204 2.339673
0.659699 -1.051529 0.020955
0.625767 -0.616422 0.004499
-0.903902 1.93781 5.113475
-0.736877 1.576489 5.19901
-0.709571 1.852036 5.048664
-0.980649 1.860857 5.229969
-1.23531 2.676401 2.810484
-1.2952 2.7097 3.1151
-1.460419 2.666403 3.139694
0.758224 2.188681 1.704748
-0.919083 -0.779597 0.087708
-1.095628 -0.569836 0.084021
0.131549 -1.864869 0.874889
-0.009927 -1.921618 0.957424
-1.146613 -1.896868 0.89054
1.209424 1.686571 4.662848
1.135 1.3996 4.83835
1.0293 1.3843 4.85675
1.076638 1.713921 4.619757
0.893778 1.722739 4.625187
0.693046 -0.394035 0.0104
0.586053 -0.128875 0.036696
-2.635844 -1.02628 2.232757
-2.765375 -0.796464 2.326515
-2.82382 -0.666341 2.438848
-0.611244 1.002674 6.46017
-0.635704 0.921823 6.5109
-2.511438 -1.271542 2.605248
1.387338 1.42259 1.151611
1.335534 1.525739 1.207732
1.426606 1.501608 1.316219
1.509074 1.385281 1.31998
0.839172 1.944768 1.314244
1.010237 1.8253 1.302694
0.855788 1.834481 1.128187
-0.008329 -0.411249 0.001402
0.134204 -0.444351 0.001811
0.293921 -0.326387 0.002547
0.318475 -0.245229 0.002773
-2.769896 1.298588 2.369751
-2.728369 1.457447 2.454732
-2.666895 1.50551 2.214125
-1.44971 -2.123678 2.009055
-1.4908 -2.11305 2.0732
0.346252 -0.435594 5.303831
0.329006 -0.261474 5.334741
0.216565 -0.323977 5.325802
-2.657682 1.178012 1.605947
0.879346 -1.186008 0.140634
1.107855 -1.076128 0.283994
1.1784 -1.5098 0.7567
1.511707 2.133475 3.051665
1.639199 2.066805 3.009684
-0.469949 -0.815358 0.033416
-0.157554 -0.804747 -0.001321
-1.903778 -1.730841 3.75445
-2.102905 -1.631105 3.33277
-1.822438 2.531659 3.102915
-2.026303 2.43915 3.32682
-2.877373 0.310245 4.094319
-2.913508 0.091772 4.008342
-2.368541 1.531644 1.279414
-2.474319 1.378255 1.296909
0.247905 0.828519 5.786724
0.343929 0.634291 5.96085
-2.654734 0.838129 1.441502
0.403283 0.41738 5.707853
-0.518135 -2.251152 4.851722
-0.462608 -2.056632 5.050666
0.205198 -0.991512 5.243689
-0.034024 -0.982328 5.247201
-0.108763 -0.827295 5.258334
-1.393815 -0.621785 5.132093
-1.278644 -0.941724 5.094134
-1.984849 -0.767786 5.064349
2.379853 0.352087 2.599322
2.420509 0.454084 2.838528
2.550934 -0.090446 3.182495
2.505997 -0.047436 2.92466
2.05308 1.155956 2.283367
2.141493 0.975579 2.338872
-0.008985 0.281731 6.259005
1.008683 -0.116873 0.28855
0.946497 -0.07989 0.248568
0.436126 -0.1086 5.42873
0.449748 -0.20424 5.360717
1.722989 -0.270292 5.17688
1.828454 -0.607674 5.250443
1.69667 -0.937468 5.343036
-0.409652 0.708433 6.692334
-0.435149 0.773501 6.71783
-0.459156 0.801414 6.729075
0.095918 3.020312 3.733311
-0.030089 -0.314616 5.410254
-0.081279 -0.261502 5.452042
-0.040896 -0.383707 5.329856
0.097534 -0.305988 5.376752
-2.683449 -1.093022 3.886742
-0.77654 -0.982411 0.104229
-0.656737 -1.150821 0.16033
-1.218195 2.457201 2.054537
0.760245 2.306857 1.989326
0.651102 2.333862 1.859607
-2.837942 0.032241 2.220498
-2.819602 0.314163 2.223597
0.948812 -0.516436 0.106164
-0.15875 -0.244935 5.468672
2.029366 -1.815601 3.48733
2.018261 -1.789591 3.160247
2.154696 -1.659259 3.366976
-2.956676 0.249764 3.049122
-2.950518 0.009591 2.939145
-2.367337 2.120248 4.036073
-2.459725 1.984753 4.192411
-2.33023 2.111809 4.291882
-2.468676 2.029544 3.639817
-2.478825 2.009842 3.903041
-2.404049 -1.346818 2.359283
-2.325594 -1.424409 2.390998
-2.397625 -1.370468 2.505728
-0.703826 -2.331981 2.064923
-2.842526 1.389759 3.934818
0.3364 2.97315 3.24505
0.121221 3.003263 3.207765
-0.19213 0.803689 6.699193
-0.256371 0.921669 6.753884
-0.258755 0.877883 6.741683
-2.0113 1.76725 1.09785
-1.89026 1.504661 0.577304
-1.810763 1.519051 0.543457
-1.853893 0.943639 0.024899
1.36404 0.879341 0.694696
1.293064 1.014335 0.659316
2.305462 -0.530186 2.1636
-1.682228 -1.403932 4.653487
-1.528834 -1.382039 4.776644
-0.499424 -0.664744 5.262547
-0.769769 -0.990637 5.22612
-0.174342 -0.496352 5.304358
-0.348794 0.076417 5.665945
0.071111 0.903245 5.997339
0.06732 0.864191 5.824518
-0.014 0.9238 6.0758
-2.771637 0.192458 2.000946
-2.729137 0.364576 1.911344
0.678226 1.535574 0.521805
0.232093 1.748143 0.528399
0.326833 1.804434 0.640389
1.276161 0.897861 4.917828
-1.916616 2.553084 4.126479
-2.036892 2.428532 4.302747
-2.220107 -1.453971 1.940093
-2.345602 -1.321161 1.884474
-2.272995 -1.358172 1.719337
-2.152816 -1.492731 1.824546
-1.703481 1.517167 5.465456
-1.620303 1.342827 5.467275
-2.337043 -0.183219 0.867564
-2.876025 -0.536653 2.61417
-0.42172 2.656726 1.969474
-0.424051 2.599818 1.818854
1.726594 -1.823334 4.698418
1.932791 -1.733432 4.557635
1.485878 -1.89971 4.82282
-2.7904 1.1886 4.5168
-2.814286 1.250782 4.422205
-2.517105 0.574061 4.76505
-2.73501 0.835176 4.492404
-1.916851 -0.77874 0.451309
-1.8124 -0.99735 0.47055
-1.94351 -0.96472 0.581801
-2.11712 -0.784387 0.662061
-2.415858 0.121547 1.11814
-2.499974 0.203536 1.289395
0.604371 0.534004 5.349164
0.173362 -0.638995 0.002692
0.17155 -0.86605 0.00085
0.069714 0.273742 6.177592
0.083035 0.184842 6.003587
0.166632 0.312422 6.112643
-0.733797 2.261458 1.242695
-1.011197 2.178815 1.291059
-0.63405 0.744696 5.536799
2.49426 -0.592097 2.821992
0.585356 -2.343459 4.124701
0.057679 -2.262078 4.639605
-0.197034 -2.148668 4.910654
-0.148298 -2.351538 4.557673
-0.773407 0.091792 5.349333
0.172981 2.505331 1.700333
0.150502 2.556521 1.789299
0.038894 2.595555 1.826093
-1.09195 -0.40955 5.1921
-1.099008 -0.481773 5.182635
-1.467713 -0.558955 5.138855
1.10116 -1.394319 5.245596
0.954252 -1.029734 5.301036
-0.822512 2.860456 3.557308
-0.858529 2.819436 3.766776
-2.372237 1.975888 4.521546
-2.030664 2.121647 4.89498
0.882392 0.784311 0.163893
0.534411 2.701867 2.54987
0.326673 2.788333 2.52943
-2.297534 0.29462 0.83061
-0.42003 2.327475 1.20573
2.235413 1.593958 3.539884
-2.609664 1.847652 3.359759
-2.545588 1.94126 3.519517
-0.344695 -2.492956 4.04634
-0.457302 -2.509328 3.865856
0.00805 2.03535 0.78795
-1.116662 2.680299 4.129598
-1.086695 2.559747 4.454854
1.886452 1.880039 2.932425
-1.781128 2.168984 1.799481
-1.637558 2.242666 1.853305
-2.971373 -0.161637 3.588401
-2.949675 -0.325864 3.188386
-2.9452 -0.179 3.88595
-2.553795 -1.265291 3.072992
-0.678391 -0.091543 5.287574
-0.914576 -0.180143 5.240919
-0.56415 0.0025 5.36565
0.315236 0.858181 5.407417
0.399179 0.810747 5.354012
0.249862 0.944954 5.323575
0.745267 2.252854 1.829794
-0.330517 1.86505 4.94907
-2.51457 0.815479 4.823876
-2.372002 0.224534 4.955665
-2.328436 0.403642 4.962885
-0.217432 0.679287 5.901994
-0.264183 0.635804 5.788918
-0.281265 0.595228 5.846599
-1.514894 -1.529107 0.61317
1.011205 1.970327 1.60663
1.067975 1.841525 1.414615
0.004806 0.844411 5.805161
-0.08247 0.813476 5.819237
-1.175138 2.207155 1.466449
-1.833031 -1.619272 1.220076
-1.659806 -1.78325 1.207644
-2.234874 -0.901196 0.89823
-2.341942 -0.954457 1.143511
-0.732185 2.82713 2.812286
-0.882805 2.697546 2.452613
-0.763229 2.697734 2.317153
-2.656111 -0.220709 4.725487
-2.804957 -0.062064 4.413133
1.565218 -1.692954 1.619554
1.347831 -1.805618 1.516603
-0.164986 1.376606 5.055922
-0.057235 1.613531 4.967041
1.190712 0.389699 5.052439
1.04302 0.360223 5.09732
-2.247231 1.443562 0.910362
-2.37702 0.700317 0.653944
-2.3744 1.2671 0.9156
1.02969 0.227371 5.148777
0.835597 0.24529 5.179338
1.456076 2.123494 2.884553
-0.066823 1.211167 5.280807
-0.15305 1.22255 5.26115
2.313305 1.26368 3.191215
2.417475 1.05845 3.458656
2.362436 1.258749 3.428282
1.610141 0.729039 1.018089
1.608388 0.963331 1.139794
2.153047 1.390064 2.818171
2.171165 1.126826 2.567374
-0.922116 -1.609817 5.205955
-0.543498 -1.683527 5.185358
0.253155 -0.080434 5.5087
0.183564 -0.068692 5.560038
0.412154 -0.893005 0.006738
0.261365 -1.119464 0.009439
-1.080747 -2.158841 1.504298
0.308719 0.75454 5.893485
0.30795 0.6816 6.0782
-1.551748 2.686309 3.66005
-1.330072 2.730412 3.664641
-1.930776 -0.293041 0.329674
-1.734085 -0.562161 0.261824
1.579571 1.264859 1.325189
1.739446 -1.575964 1.745133
-0.2632 0.618524 5.964276
-0.338743 0.501925 6.018793
-0.377416 0.709804 6.205555
0.283966 2.470186 1.712975
1.819913 0.109498 4.895079
0.677957 -2.196316 1.754469
0.579876 -2.236462 1.809955
2.105739 1.614642 3.010428
2.187032 -1.596327 4.173413
2.332195 -1.328399 4.295075
0.521058 0.483554 5.46969
0.371132 0.922572 5.084299
1.940581 0.300382 1.483304
1.9697 0.119427 1.492553
0.711362 1.799221 0.916616
0.656826 1.721777 0.766998
0.054763 2.172185 1.00742
-0.061981 2.264325 1.116964
1.36972 1.469522 4.774688
1.24089 1.134055 4.875743
0.477148 2.05505 1.081798
0.528808 1.895109 0.893839
0.560541 1.934346 0.979945
-0.877182 2.845157 3.352682
-0.930386 2.819216 3.180987
-0.84003 2.839083 3.117924
0.226525 2.353887 1.427595
0.133581 2.418199 1.488972
1.63349 0.283625 0.957744
-0.353871 0.362505 5.986005
-2.168558 -0.63085 0.651485
-2.246382 -0.471572 0.71348
-2.084157 -0.645234 0.554717
0.955902 1.872176 4.495029
-2.449778 1.56885 1.535106
-2.294952 1.778731 1.601719
-0.363591 -2.036563 1.098094
-0.401274 -2.152499 1.355462
-2.094283 -1.27691 1.09724
-1.960378 -1.505075 1.256861
-0.060087 -1.928151 5.06327
0.045201 -1.702033 5.135647
-1.788269 -1.569515 4.380069
-1.588953 -1.995821 4.107733
-2.544214 0.761823 1.104632
-1.529774 1.904434 1.1199
-1.311003 2.042943 1.255185
-1.14106 2.060822 1.195483
-0.76786 -1.183908 0.180703
-0.736746 -1.063734 0.117696
-2.945036 0.541241 2.969369
-2.932479 0.743485 2.897538
2.178366 0.475923 2.080133
2.232175 0.36835 2.161011
2.15618 0.344577 1.952564
0.10145 0.93325 6.14505
-0.0314 0.98975 6.5274
-2.817835 0.862218 2.136737
-2.0197 2.43855 3.2869
-1.723208 2.586436 3.190764
0.985125 2.299463 2.403345
0.799432 2.468992 2.466754
0.654169 2.593759 2.48903
-2.776434 0.330224 2.067099
-1.998954 -1.702985 3.370602
-1.885225 -1.79807 3.474697
-1.938985 -1.767274 3.208245
2.537761 0.095617 3.609788
2.449107 0.467823 3.909174
-0.875131 2.483458 1.824266
-0.68842 2.594972 1.964968
-0.475209 0.779277 6.719823
-2.797136 -0.652312 2.259763
-0.208693 1.094681 6.364567
-0.325595 1.132684 6.404458
-0.79546 1.238685 5.336001
-1.241208 1.729282 5.40966
-2.770123 1.454155 2.821755
1.122161 1.119674 0.515885
1.058764 1.184043 0.490426
0.910012 1.197577 0.351902
-2.251174 -1.151813 4.739465
1.051276 2.331017 3.913982
-1.509149 0.798732 5.322834
-1.275717 0.82307 5.331682
-1.564328 0.931267 5.361745
-1.201215 0.688075 5.309504
1.767834 1.681598 2.261477
-1.315542 -0.572456 0.121328
-0.270486 2.474261 1.481814
1.428583 2.06655 2.624245
-1.680174 2.612949 4.374621
-1.504497 2.59469 4.511856
0.9918 2.3373 2.53845
2.407172 0.223834 2.631824
2.424895 0.298104 2.742515
0.555187 -1.21667 5.227431
0.501994 -0.875412 5.260627
0.2447 2.6827 2.15935
0.224071 2.743129 2.298014
-0.965727 -2.429462 3.33184
-0.10815 0.209 6.16155
-1.251527 -2.209539 1.987612
0.545184 -0.256171 5.346406
-2.86127 -0.785221 3.114894
-2.800067 -0.893971 2.954624
1.226003 1.153432 0.656823
0.101009 2.791649 2.362688
-0.807787 2.380389 4.706498
-0.24341 2.860454 4.201066
-0.595768 0.591894 5.580589
-0.563616 0.709391 5.582314
-0.251698 2.279067 1.100054
-0.396836 2.137918 0.869104
-0.120676 -1.591321 0.525153
-0.132805 -1.265084 0.141972
0.194198 -2.013334 1.140196
-2.002381 -1.691639 2.37713
-1.92956 -1.728537 2.074795
0.46577 1.710589 0.613105
0.394604 1.616199 0.462637
0.46447 1.801523 0.702422
0.495827 1.825159 0.763705
1.59478 0.881243 4.832851
1.674111 0.731863 4.830294
0.176334 -0.293691 0.00222
-2.719977 1.144765 1.850983
-0.570239 0.781513 6.689974
-1.507178 -0.007471 5.195544
1.188531 0.285976 0.393368
2.592628 -0.250378 3.517423
-0.004847 -2.490472 3.844488
-0.246853 -2.497657 3.954093
-0.217724 -2.516542 3.700137
0.013067 -2.508414 3.35772
-2.069522 -0.108996 0.493654
-2.009206 -0.197899 0.412453
-1.993557 -0.292361 0.384871
1.662645 -0.08886 5.109159
2.611205 -0.713591 4.070675
1.280413 -2.316658 3.369618
-0.118982 -0.010363 5.681008
-0.06096 -0.185695 5.528757
1.782136 1.854504 2.632582
1.726004 1.929367 2.693298
-0.801637 0.680498 5.378525
-0.833727 0.637419 5.342905
-0.952242 2.421843 1.741395
-1.036426 2.40078 1.75999
-2.944292 0.713161 3.695397
0.589153 0.138896 5.36914
-1.62475 -0.662265 5.120162
-1.779991 -1.915892 2.874869
0.600836 -1.586142 0.372384
2.32276 -0.821861 2.39931
2.293053 -0.728363 2.236803
1.863621 0.59434 1.443288
1.675315 0.827998 1.18648
-0.186188 -2.51263 3.287362
-0.1622 -0.7424 -0.00215
1.267386 -0.45926 5.359427
1.154616 -0.193739 5.301587
0.615182 2.304085 4.547307
0.79847 2.407955 4.33608
-2.668019 -1.024953 4.188622
-2.11688 1.819821 1.379727
-2.001857 1.899395 1.36509
-0.323791 -0.446656 5.29704
-0.355967 -0.324825 5.307955
1.728622 1.759862 2.328023
1.204176 -1.807022 4.97668
1.863688 -0.818577 1.300896
-0.348989 2.870392 2.621265
-0.446893 2.843332 2.569963
0.168436 2.298299 1.287518
0.372698 2.220231 1.275801
-0.480837 -0.534472 0.008979
-2.920907 1.057652 3.885442
-2.901391 1.218606 3.779855
0.917521 0.607434 0.163761
0.036862 -1.454868 5.205254
-0.13854 -1.45837 5.216874
-0.115277 -1.264279 5.229596
2.110893 1.794085 4.027962
1.269655 2.246968 3.00405
1.373712 2.205427 3.150226
1.4881 2.1518 3.1021
1.18995 -1.79325 1.23385
0.564463 -0.100379 0.032601
1.207433 -2.180537 2.34073
2.284521 -1.467089 3.371199
-0.410842 0.619489 6.630126
1.015089 -1.264475 5.280679
-2.581425 1.76091 2.492242
-0.964083 0.984634 5.386374
-2.517037 1.261052 1.249962
0.980891 -2.390913 3.099748
-0.175264 -0.988062 5.24579
-0.8718 0.0775 5.2763
-1.0586 -0.0703 5.2366
-1.0586 -0.0703 5.2366
0.024135 -0.259572 5.451519
1.470555 1.684302 4.650773
-0.357443 0.401517 6.041575
-2.643986 1.084592 1.459308
-1.70394 -1.2448 4.797275
-1.72794 -1.158855 4.892905
-1.7014 -1.000559 5.024363
-0.657461 2.730548 2.333615
-0.808378 2.659915 4.301243
-2.327358 0.090648 0.943543
-0.355846 -1.078859 0.069489
1.416651 1.661502 1.571296
1.883461 0.03873 1.319522
1.809032 -1.761644 2.280276
1.629441 -1.861804 2.141167
0.163134 1.345256 0.126698
-2.925729 1.073346 3.748879
-2.85449 -0.411009 2.416525
-2.290962 0.353225 0.769543
-0.223127 -2.425104 4.383629
-2.40825 -0.69945 4.92235
1.107949 -0.738979 0.194386
-0.290904 0.231182 5.999702
0.50876 -0.95596 0.006399
-0.510937 -2.37859 4.590427
1.706197 -1.935818 2.584364
1.177141 -0.382178 0.378709
-1.744304 -1.787779 4.08012
2.592879 -0.441178 4.09867
-0.392479 2.363017 1.264688
0.179996 0.409683 6.252497
-1.131883 2.157461 1.34603
0.96965 2.2841 2.32495
-0.410579 2.705106 2.102921
0.732901 -0.309076 0.050599
-2.951934 0.596759 3.110239
-2.936717 0.890632 3.126551
-0.956537 -0.720728 0.083283
-1.170369 -0.664265 0.112937
-1.998307 0.107675 0.415942
-2.19599 2.175214 4.537284
-2.781773 1.521391 3.377093
-2.443219 2.026818 2.963831
1.142231 1.214283 0.605334
-2.11639 -0.054017 0.565397
0.380745 0.292801 5.676535
0.351579 0.42037 5.844947
0.545309 0.567507 5.410776
-0.624249 -0.761679 0.034639
1.403522 0.482319 0.64881
-1.652329 -0.959903 0.337475
-0.519032 2.45488 1.512442
1.845253 2.02762 3.362783
-0.183597 0.343331 6.383655
-0.197925 0.471882 6.519072
-1.428509 2.174314 1.561602
-1.014325 -1.407357 5.209864
2.55139 -0.180339 3.134879
-0.532627 2.548932 1.735916
-0.480127 -1.450424 0.363775
2.27512 0.46214 2.326306
2.446143 0.697467 3.170519
-0.862782 -0.777774 0.076779
-0.810157 -0.794071 0.070431
-0.110078 -1.492143 0.395887
-2.66738 -0.37279 1.601467
-2.517711 -0.722511 1.310253
-0.979541 -1.462131 0.356851
0.691878 2.259161 1.752067
0.613073 2.267107 1.648846
-0.138882 1.055027 6.31857
2.168041 1.484279 3.001416
2.059429 1.782274 3.19906
-2.807621 0.948193 4.358975
0.919779 0.291796 5.14787
-0.516409 0.97674 6.394849
-0.751505 2.735017 2.4409
2.031897 -1.752461 4.269298
2.487209 0.030319 2.868701
2.446488 0.231689 2.802914
1.192858 0.432792 5.036154
-2.702768 -0.91111 2.267012
-2.372868 -1.239037 1.720232
1.101103 2.384303 3.4321
-2.8426 -0.7764 2.84785
-2.8409 -0.7225 2.6881
-0.292293 -0.802179 0.008502
-0.317545 0.981592 6.770063
1.214394 0.42944 0.406461
0.86237 1.05756 0.247026
-2.89767 0.668251 2.590795
-2.943788 0.463616 2.933941
-0.01783 2.148963 0.938956
0.03575 2.1645 0.98685
0.053398 -2.237133 1.658452
-0.455317 0.977204 5.499836
1.160754 1.849461 1.56033
0.281608 0.898448 5.371337
-1.501897 -0.514874 0.153869
-1.695168 -0.470199 0.226258
0.998967 -1.721709 5.030972
1.5588 1.81935 2.13295
0.769731 -0.172431 0.11913
-1.841625 1.807092 1.051788
-2.043434 1.612973 0.870553
-2.077591 1.699346 1.069823
2.110407 0.572509 1.967089
2.069322 0.232499 1.717644
0.515044 1.672178 0.603755
-0.22755 0.6606 5.85225
0.372156 2.249403 4.683249
-2.947365 0.052372 3.807521
-1.105762 2.745877 2.998554
-1.30457 2.195141 1.525144
0.658623 2.470227 2.18582
-0.308474 0.660165 5.732273
-0.222046 -1.810861 5.137371
-1.197126 2.097947 1.288777
0.3682 -1.8659 0.8539
0.2669 -1.94075 1.0016
-0.720455 2.475515 4.600555
1.643577 1.112687 1.322308
-0.994024 -0.397286 5.205418
2.285062 -0.118142 4.567243
-2.227978 -1.074938 1.072272
-2.48335 0.693006 0.958462
-0.8506 1.401212 5.328846
-0.0354 1.2253 5.1834
0.566504 0.603948 0.022434
-2.345915 0.424591 0.830235
-2.934085 1.016004 3.337214
2.063896 -0.649444 5.067924
-1.218326 2.704343 2.931763
-0.239275 0.564035 6.591298
0.31694 0.979679 5.080913
0.216379 1.039117 5.092714
0.404858 0.960271 5.057358
-1.542473 -2.049255 1.871072
0.368391 2.474039 1.777578
-0.627411 -1.303939 0.24408
-1.586835 -1.923978 4.27634
0.993709 0.235492 0.234772
2.455216 0.060257 2.72961
2.474454 0.506607 3.162441
-2.553493 1.151195 1.229874
-0.854484 2.741776 2.588164
1.905924 0.14424 1.379318
1.658165 0.724455 1.10167
0.235997 1.326035 4.983731
-1.36181 -0.606067 0.137405
-1.845752 -0.429585 0.295518
0.944042 0.39919 0.177317
0.375587 1.4285 0.263127
1.103194 0.919033 4.948902
0.000916 -1.331824 5.226277
-1.68762 0.885683 5.330615
-0.0239 2.571866 1.738734
-0.360498 0.421478 6.045445
0.472804 0.539653 5.548055
-2.345882 -1.444295 3.025907
-0.933239 1.012134 5.393188
-1.680067 1.900018 1.159002
-2.055359 -0.552091 0.494643
2.462596 0.775804 3.535842
-0.547896 2.499023 1.626405
-1.701116 -0.723868 5.108704
-0.363419 1.095998 6.750351
0.023604 0.700231 6.540325
-0.267733 2.938378 3.982652
-1.3604 -0.5331 5.14535
-2.918748 1.051983 3.138069
-2.344126 0.487092 0.763058
1.290693 -1.923762 1.660507
-0.049991 0.946163 5.536264
-2.166471 1.625811 1.07162
0.331857 -0.748595 0.004593
2.425764 0.313015 4.026533
1.340907 1.958882 4.342335
1.104117 2.300436 2.68346
0.96965 2.2841 2.32495
-2.860026 0.122676 4.213639
-0.102642 1.305212 5.092543
-0.07663 0.666617 6.604786
-0.027334 1.034467 6.40585
0.981214 2.219959 2.171752
-2.307446 2.145638 2.884017
0.7053 0.081 5.3011
-0.480123 -0.232046 0.003848
-0.647503 -0.235988 0.010711
-0.603346 0.021798 0.005893
0.69163 2.215791 1.657025
-0.097718 1.073114 6.386672
-0.3936 1.1481 0.0015
-0.31124 1.317444 0.056855
-0.253799 1.300033 0.050224
-1.958246 1.286539 0.367182
-1.963977 1.387568 0.494214
-1.9304 0.7558 0.0195
-1.406515 0.448361 0.011025
-1.512276 1.218619 0.159467
-1.210007 0.78905 0.007503
-1.057987 -0.262012 0.037714
-0.881513 -0.008156 0.014445
-0.861984 -0.278656 0.020953
-0.853502 1.163422 0.084425
-0.684348 1.022977 0.011977
-0.905594 1.788311 0.667302
-0.792949 1.79297 0.570717
-0.42551 1.596333 0.244995
-0.36219 1.422814 0.115494
0.123285 0.803743 0.010959
0.145831 0.986637 0.006713
-0.450479 0.661662 0.011196
-0.494909 0.877459 0.012017
-0.183 1.2765 0.041
-0.046939 1.337954 0.085518
-2.128654 0.344391 0.457109
-2.079596 0.393124 0.305517
-2.315872 0.593838 0.579756
-2.355541 0.979169 0.652634
-2.160569 1.448134 0.79446
-2.127575 1.265452 0.535082
-0.627762 1.689765 0.365605
-1.018269 0.986625 0.035922
-1.61895 1.68125 0.76115
-1.398662 1.896671 1.062396
-1.111063 1.920497 0.950807
0.165343 0.512057 0.00905
-0.134213 -0.140093 0.004228
-0.5404 -0.23525 0.0051
-0.556123 0.361399 0.008729
-2.241583 0.517978 0.482374
-2.031921 1.290908 0.454948
-1.60624 0.072097 0.072494
-1.596375 -0.201439 0.121717
-1.895448 0.096569 0.3059
-0.923121 -0.451023 0.049331
-1.185516 -0.48309 0.087205
-1.049845 -0.458318 0.066802
-2.276088 1.229911 0.70737
-1.674855 0.292907 0.014748
-1.552873 0.23231 0.014283
-1.921799 1.599713 0.738001
-1.807239 1.749415 0.919107
-1.707728 1.79671 0.979264
-1.696871 1.565892 0.590745
0.044348 1.178141 0.011248
0.006311 0.217845 0.007159
-1.754027 -0.039638 0.202371
-1.788079 1.755386 0.924817
-0.743514 0.247628 0.008117
-0.400463 -0.436854 0.002896
-0.733 -0.4749 0.0192
-0.751834 -0.326568 0.018452
-1.2701 1.894692 1.011016
-0.112464 1.531101 0.213318
-0.172645 1.55789 0.225611
-0.15487 1.51741 0.19752
-1.975 1.607596 0.792102
-1.952461 1.625363 0.798308
-1.919024 1.699603 0.895404
-0.912636 0.441255 0.011137
-1.267792 -0.169503 0.043454
-0.541664 -0.361955 0.008373
-0.935865 1.519385 0.395971
-0.50455 1.16985 0.0151
-0.167939 0.754944 0.011804
-0.305328 1.086727 0.008072
-2.189451 0.771396 0.287995
-1.2612 1.30915 0.31745
-0.43058 0.13056 0.006701
-1.950396 0.694671 0.036111
-1.946137 1.107062 0.196774
-1.709174 1.019018 0.022452
-0.759902 -0.118377 0.013603
-1.088317 0.135431 0.012393
-0.797303 0.772588 0.012353
