0.5865 1.7518 0.0195
1.665606 1.423684 1.160366
1.226488 1.077534 0.541236
0.26145 0.7489 5.3283
0.106312 0.902923 5.312875
0.104084 0.781717 5.325645
2.28288 1.023719 4.628216
2.376336 1.125705 4.302567
2.311893 1.238933 4.582669
-1.337902 -1.423696 0.756123
-1.668999 -1.643048 1.224818
-1.801034 -1.368261 0.890818
-2.886565 0.750527 2.883751
-2.93996 0.611796 3.123968
-2.90965 0.7915 3.3086
-0.061 2.63675 1.6777
0.114884 2.579374 1.649128
-0.037599 2.587975 1.556167
1.056989 -0.358282 0.312459
0.982856 -0.203899 0.197104
1.216286 -0.223743 0.400876
2.453468 -0.624059 3.676584
2.490257 -0.32157 3.630555
2.461092 -0.415679 3.83852
-0.185011 0.732691 5.441658
-0.057014 0.732835 5.459431
-0.118972 0.82071 5.339473
0.581715 -0.313544 5.234491
0.4104 -0.42585 5.2197
0.56444 -0.333379 5.155937
-0.256574 2.95153 3.263115
-0.021113 2.923518 3.376487
-0.067044 2.917758 3.141612
1.843542 2.069503 2.601712
1.929148 2.008866 2.862888
1.96808 1.898891 2.685523
-0.769914 -2.443468 2.749035
-0.645128 -2.492458 2.969887
-1.11658 -2.480974 3.092866
-0.60498 0.437934 5.316197
-0.725857 0.31468 5.338788
-0.620792 0.343881 5.397113
0.410081 0.856259 0.012383
0.754704 0.456083 0.031837
0.549886 0.228718 0.011289
-2.46905 -0.44 0.93165
-2.31965 -0.6439 0.73645
-2.4804 -0.7473 1.13
0.406346 -2.392001 2.81106
0.177406 -2.406841 2.728694
0.446189 -2.267932 2.492265
1.8067 -0.92485 1.82985
1.912634 -0.838089 1.932751
1.841717 -1.043661 2.132554
-2.246706 1.952097 2.710466
-2.256822 1.925524 2.468063
-2.359108 1.841558 2.516659
-0.534683 2.975495 3.597274
-0.394578 2.967528 3.613331
-0.416854 2.973247 3.442412
-1.770625 1.128501 0.338001
-1.639245 0.938536 0.231342
-1.930426 0.994248 0.441723
-1.719067 2.251495 1.687033
-1.49735 2.41195 1.66145
-1.549587 2.340228 1.531067
0.050031 -0.524966 5.671069
-0.037885 -0.483994 5.831392
-0.101368 -0.541643 5.610885
-0.510015 -0.447543 5.506351
-0.532722 -0.290149 5.574163
-0.608672 -0.412054 5.48235
1.974253 1.318946 1.849744
2.005184 1.106883 1.848769
1.9234 1.12025 1.6633
2.452643 -0.48225 3.133055
2.372673 -0.765206 3.064165
2.38778 -0.45325 2.797069
-1.965202 -1.79154 5.102061
-2.466632 -1.419707 4.888585
-2.34024 -1.787439 4.709318
-3.0203 0.0814 3.41455
-3.021796 -0.137041 3.610361
-2.985678 0.180139 3.785149
1.020214 2.697272 3.426022
0.888863 2.734255 3.51827
1.10613 2.660045 3.872561
1.145344 2.330765 4.882511
1.306829 2.137994 5.086633
1.429976 2.340327 4.689745
0.329244 0.264579 5.618138
0.442054 0.353751 5.554014
0.32845 0.46685 5.5475
0.850254 0.388836 5.237933
0.82549 0.485297 5.298738
0.709233 0.314542 5.23919
0.146741 -0.748124 0.022388
-0.027195 -0.814081 0.055608
-0.065533 -0.574914 0.036409
0.772709 -2.073244 2.250146
0.9408 -2.0146 2.34635
0.858818 -2.087106 2.394662
-1.719187 1.733143 4.771809
-1.73728 1.833466 4.634285
-2.046007 1.758631 4.666183
-0.906221 2.921981 3.280027
-0.831508 2.945181 3.448393
-0.730932 2.962656 3.302982
-1.16476 2.800015 2.939048
-0.9778 2.86425 2.781
-1.20313 2.76223 2.752249
-0.915252 2.835924 2.421134
-0.77282 2.844234 2.249389
-1.015932 2.780819 2.247791
2.143983 0.357701 1.93829
2.083461 0.563919 1.856426
2.133246 0.483042 1.961306
1.740902 0.147483 0.994254
1.77575 0.295211 1.100891
1.836483 0.284213 1.214218
2.402906 0.254966 2.828224
2.374322 0.200286 2.662343
2.347764 0.38518 2.63274
2.36074 0.978753 3.042996
2.363115 1.114355 3.173629
2.39056 0.927145 3.225674
0.008971 -0.578487 5.515889
0.177038 -0.544979 5.436808
0.262646 -0.427394 5.604455
0.460846 -2.335518 4.406811
0.727508 -2.124288 4.546558
0.362999 -1.98139 4.697284
0.287765 2.768716 2.489537
0.428175 2.70628 2.339515
0.289436 2.708833 2.204998
1.7479 2.1288 2.38895
1.647646 2.186128 2.195255
1.642798 2.223594 2.356435
-1.220334 2.541107 1.557855
-1.23506 2.57878 1.703873
-1.065372 2.579606 1.482418
1.011874 0.899001 0.322029
-2.825742 -0.491459 1.916178
-2.753884 -0.41773 1.665057
-2.715179 -0.74913 1.729104
-2.344892 -2.023741 3.5368
-2.069212 -2.209621 3.32569
-2.085846 -2.234256 3.63748
-0.357632 -0.517101 0.042052
-0.295577 -0.728624 0.056566
-0.592546 -0.677516 0.069376
-0.163739 0.16681 0.008069
-0.477922 0.486008 0.005133
-0.39744 0.552961 0.005749
0.497634 0.135505 5.509964
0.404516 0.111386 5.580016
0.436971 -0.004289 5.54228
0.489835 -0.250645 5.432775
0.467655 -0.164502 5.498455
0.404159 -0.333021 5.445239
1.489185 -1.599298 2.778307
1.337059 -1.734185 2.719889
1.33788 -1.686839 2.576785
1.706515 -1.228906 4.343372
1.613233 -1.020224 4.569174
1.477123 -1.12361 4.524915
-0.701061 0.26417 5.441652
-0.785907 0.288115 5.332626
-0.789854 0.19502 5.402668
-2.944494 0.62177 3.771205
-2.908299 0.592668 4.143491
1.360748 2.393788 2.178545
1.379853 2.40263 2.283375
1.520728 2.296498 2.242994
0.029956 2.459673 1.334437
0.508777 2.52053 1.63027
1.126894 2.371879 1.534428
0.007625 -0.304444 6.316898
0.205489 -0.380421 6.214758
0.115649 -0.246786 6.444764
0.301146 0.214321 6.220989
0.379191 0.240095 6.285506
0.434813 0.187788 6.274251
-2.429476 1.80548 3.947554
-2.528768 1.683568 4.236488
-2.283884 1.852065 4.192547
-1.819505 2.274506 2.704173
-1.913301 2.206054 2.885849
-1.741814 2.348246 2.861722
-0.746773 -0.62294 5.322701
-0.627331 -0.690342 5.314308
-0.56586 -0.597316 5.355607
-0.192234 -0.802354 5.139213
-0.336682 -0.820135 5.171412
-0.199194 -1.022112 5.082283
0.710825 -1.598104 1.159775
0.915247 -1.552996 1.35302
0.8747 -1.8235 1.8191
1.611865 -0.926248 1.489377
1.799634 -0.722349 1.555163
-2.2464 0.1793 0.6693
-2.424532 -0.057786 0.874535
-2.460426 0.1532 1.018279
-2.312521 1.765684 1.754299
-2.464401 1.582068 1.89082
-2.28804 1.855708 1.976728
-0.942591 0.288775 0.001403
-1.001683 0.199394 0.000855
-1.085364 0.379662 0.002129
-1.774109 0.620175 0.30056
-1.941648 0.63339 0.435035
-1.739535 0.772446 0.282951
0.806449 -0.292174 5.036917
0.669497 -0.275008 5.121116
0.660388 -0.364552 5.046248
0.910391 0.320031 5.191167
0.86126 0.225496 5.16021
1.416436 0.331671 5.049891
1.446757 -1.696181 3.065203
1.451973 -1.706965 3.314276
1.38185 -1.78975 3.12425
0.558246 -2.515798 3.994533
0.849438 -2.444266 3.753798
0.921752 -2.300835 4.248907
-0.631903 -0.021967 5.581526
-0.71206 -0.070342 5.499235
-0.645277 -0.109273 5.54924
-0.43935 0.1671 5.7448
-0.29241 0.216821 5.931138
-0.266589 0.365169 5.689362
0.2555 2.31 4.8996
0.216766 2.450212 4.776584
-0.009938 2.286224 4.995803
0.880439 2.734761 3.364502
0.780917 2.76038 3.44967
-0.580064 2.879654 2.364574
-0.781739 2.885385 2.512297
-0.375578 2.935171 2.861109
-0.304532 2.911494 2.723253
-0.540422 2.935753 2.777089
1.185689 2.532178 2.425399
1.075241 2.55305 2.238436
1.077042 2.584497 2.447704
1.171777 2.626699 3.250328
1.476661 2.467687 3.629875
1.347831 2.541265 3.358163
0.367022 0.457928 5.54163
0.380393 0.776829 5.339656
0.285799 0.694228 5.345202
0.355144 0.688641 5.364972
-0.4762 2.6831 4.7033
-0.226664 2.733405 4.549801
-0.52736 2.836169 4.370134
-1.355839 2.429039 4.525545
-1.164347 2.597268 4.563276
-1.462863 2.399645 4.289156
2.294811 -0.770865 2.769723
2.271765 -0.70615 2.604746
1.671379 -1.50048 3.478435
1.562613 -1.57406 3.108476
0.277581 -1.942288 1.561436
0.216216 -1.639168 0.92345
0.50665 -1.80191 1.386058
-1.488012 -2.080987 1.970632
-1.08425 -1.80505 1.26565
-0.640299 -2.106149 1.761825
1.803552 2.184366 3.846997
1.962595 2.015196 3.728953
1.844017 2.158659 3.597683
2.407529 1.181663 3.817582
2.374043 1.357618 3.733354
2.387027 1.330294 3.854183
2.282223 1.365108 3.010494
2.278798 1.220295 2.815806
2.223369 1.343262 2.693923
1.989813 1.496226 2.010854
2.058408 1.409819 2.153568
2.033114 1.288978 1.999812
-1.81284 -0.00583 5.210133
-1.497144 -0.121501 5.241691
-1.598239 0.149623 5.238034
-1.343675 -1.020189 5.349293
-1.048139 -0.687816 5.321212
-1.378586 -0.88356 5.334674
-0.908644 2.344071 0.846162
-0.866731 2.480602 1.08743
-0.787058 2.421098 0.935858
-1.420928 1.329486 0.231218
-1.561203 1.396899 0.297939
-1.348122 1.587097 0.284984
0.0342 -0.78345 5.2032
0.091054 -0.692547 5.299784
-0.038624 -0.736781 5.300047
0.345811 -0.978559 4.982001
0.622926 -1.200076 4.882865
0.474615 -0.974632 4.95605
0.604681 -1.176884 0.477067
0.63679 -0.990405 0.319455
0.810366 -0.996605 0.478323
1.58004 -0.272193 0.84192
1.76378 -0.181661 1.078046
1.675195 -0.41585 1.067167
2.221266 -0.33835 2.15349
2.14505 -0.6549 2.20475
2.160123 -0.462 2.073624
2.068487 0.401824 1.763961
2.112508 0.202931 1.81608
2.057936 0.251254 1.692504
2.385376 0.325607 3.944337
2.403818 0.485044 3.782009
2.336556 0.454976 4.085407
1.253598 -0.253076 4.927742
1.53407 -0.343348 4.837285
1.29028 -0.037802 4.971595
-1.693417 2.394195 3.102841
-1.830246 2.270744 3.125904
-1.704278 2.379637 3.312657
-1.228674 2.780107 3.518183
-1.286918 2.737209 3.369297
-1.429937 2.618037 3.537703
1.9263 1.87405 4.5692
2.021477 1.841647 4.344427
1.875817 2.030725 4.30895
2.072517 1.839817 4.08222
0.725028 0.215243 6.59396
0.68219 0.250222 6.423167
0.625025 0.38652 6.584964
0.200735 0.385694 6.503521
-0.0503 0.1762 6.47155
0.222909 0.332426 6.641057
-1.645613 1.644442 4.874559
-1.934691 1.548278 5.010662
-2.291103 0.102577 5.073458
-2.630824 -0.009172 4.748466
-2.425389 -0.297324 4.932972
-0.979104 -2.520609 3.622122
-1.480434 -2.492256 3.644723
-1.470761 -2.477152 3.308515
-0.183489 -1.838012 4.814103
-0.477541 -1.885017 4.802486
-0.233548 -2.197718 4.554836
-1.967251 1.7535 0.85891
-2.1601 1.5573 0.9522
-2.156911 1.683939 1.090691
-2.51005 1.4651 1.86925
-2.5111 1.2287 1.5073
-2.580509 1.18057 1.731491
-2.870003 0.615191 2.48716
-2.831341 0.535767 2.186253
-2.918155 0.385127 2.521231
-2.689101 0.681678 1.72123
-2.701389 0.892635 1.944874
-2.606318 1.003709 1.668035
-3.036913 -0.509976 3.635068
-3.037624 -0.137234 3.353559
-2.781754 -1.096473 2.412028
-2.629289 -1.356909 2.274062
-2.740285 -1.36424 2.758486
0.518161 2.739256 2.560132
0.466357 2.794433 2.812191
0.626463 2.75155 2.731229
0.595333 2.774979 2.898252
0.409747 2.821727 2.988021
0.546609 2.7975 3.06722
-0.012744 0.299266 6.33717
-0.352153 0.14312 5.925549
-0.273116 0.172913 6.067782
-0.512335 2.406771 4.998411
-0.756548 2.745011 4.562159
-0.846932 2.438963 4.934626
-0.356928 0.939218 5.253913
-0.217536 0.77431 5.345754
-0.232765 0.915392 5.282282
1.491795 0.982923 0.883687
1.870242 0.452837 1.339258
1.897181 0.548113 1.437357
1.917252 0.364507 1.400204
-1.018372 -2.265863 2.196155
-1.425317 -2.246263 2.339584
-2.495352 -1.68396 2.601388
-2.170732 -2.060522 2.953832
-2.505571 -1.770495 2.944575
0.268267 -0.27819 6.417326
0.365224 -0.270067 6.389795
0.335429 -0.153009 6.575193
0.263537 0.020305 5.971301
0.250039 0.011248 5.825816
0.20526 0.092648 5.784904
2.215992 0.877591 2.375379
2.218401 1.020416 2.454252
2.269625 0.901763 2.576195
2.291587 0.384866 2.409767
2.282418 0.574095 2.46591
2.155504 -0.918875 2.620024
2.219245 -0.909795 2.78568
2.109042 -1.074411 2.810383
1.630284 -1.396205 2.554597
1.779683 -1.178376 2.319961
1.832159 -1.233034 2.577812
2.459113 0.207091 3.6005
2.450812 0.31061 3.341789
2.407782 0.745864 3.239546
2.364982 0.879725 3.004772
-1.714445 2.365744 2.692729
-1.768002 2.309142 2.4696
-1.903378 2.165415 2.030503
-1.784081 2.245177 1.956183
-1.951389 2.100437 1.836891
0.226783 -0.60048 0.016161
-0.039193 -0.397269 0.020405
0.229071 -0.432528 0.012025
-0.300245 0.09006 0.00699
-0.64155 0.56605 0.0051
-0.64155 0.56605 0.0051
1.093962 2.502836 2.023784
1.193905 2.434972 1.932013
1.065254 2.50008 1.943793
0.327311 2.650502 2.035217
0.476331 2.659113 2.155921
0.473224 2.62007 1.998173
-0.723538 2.53448 1.149319
-0.694335 2.58269 1.257368
-0.596946 2.558941 1.209382
-0.399774 2.621799 1.423505
-0.506418 2.676309 1.549451
-0.307843 2.670962 1.591629
-2.811935 -0.192289 1.807566
-2.379098 0.45635 0.950382
-2.49714 0.320078 1.133528
-2.534112 0.468728 1.239211
1.291975 -1.006697 4.654544
1.509799 -0.847005 4.694549
1.262464 -0.73783 4.807806
0.433095 -0.748136 5.001498
0.617929 -0.923403 4.919731
0.6187 -0.67025 4.9615
-2.814151 1.157379 3.384048
-2.780688 1.278996 3.828501
-2.693965 1.481431 3.684702
-2.498013 1.709972 2.715379
-2.584131 1.598386 2.906061
-2.364103 1.868276 2.938045
0.344845 1.197129 5.291028
0.301106 1.283352 5.276007
0.0434 1.12465 5.26435
1.073502 1.934883 5.279778
0.906682 2.029764 5.157955
0.811295 1.772417 5.297747
-1.865189 1.869002 0.880958
-2.030874 1.844919 1.092812
-1.852901 1.960179 1.044168
-1.506455 1.75881 0.455171
-1.38524 1.855793 0.477918
-1.307234 1.778744 0.381345
2.266161 -0.297993 2.277678
2.3596 -0.2696 2.5589
2.259892 -0.490804 2.37168
2.180375 0.473874 2.088085
2.212458 0.259389 2.1079
0.474252 -0.32714 5.355585
0.217994 -0.86808 0.085607
0.070209 -0.939386 0.108386
-0.009932 -1.844068 1.260974
2.242053 -1.055665 3.224234
2.063381 -1.206563 3.124764
2.217026 -0.982336 2.939102
2.250231 -1.031716 3.941534
2.032709 -1.188896 4.127987
2.0846 -1.255779 3.775457
0.593088 0.504123 5.369936
0.575458 0.451331 5.440894
0.586688 0.414078 5.39205
0.899055 1.623401 5.383231
0.652512 1.509312 5.319195
0.700655 1.200756 5.376661
-2.0782 -2.221983 4.121682
-2.5419 -1.843 3.7034
-0.461031 -0.780176 5.229321
-0.619867 -0.842502 5.275171
-0.562168 -1.046096 5.191728
-0.459365 0.455945 5.427628
-0.4829 0.2554 5.6231
-0.287941 0.426615 5.619473
-0.400726 0.356461 5.584966
0.832166 -0.275621 0.113326
0.8414 -0.4038 0.1574
0.809084 -0.659168 0.259012
0.931208 -0.724256 0.405991
0.833241 -0.807466 0.368765
1.927616 1.795002 2.263417
1.944057 1.661679 2.092551
1.857655 1.860409 2.116846
1.571343 1.95324 1.428573
-0.329192 2.916687 4.005637
-0.427946 2.961613 3.759376
-0.580707 2.950614 3.89484
0.0587 2.843229 4.060812
0.368212 2.720559 4.194674
0.221603 2.80716 4.040838
2.026486 -0.689821 4.503323
2.214594 -0.89234 4.193016
2.358251 -0.583997 4.119119
1.882946 -0.070017 4.723059
1.826041 -0.339983 4.719823
2.085522 -0.179752 4.549474
-2.008188 2.084976 3.743716
-1.970818 2.053283 3.982626
-1.867555 2.163532 3.807308
-1.5333 2.169683 4.487747
1.149488 -1.897372 2.50928
1.280053 -1.630384 2.237022
1.272751 -1.435311 1.808349
1.095169 -1.585975 1.740205
1.213055 -1.343442 1.517905
-1.690275 -1.138437 5.349903
-2.232903 -0.456308 5.082462
-2.032995 -0.409078 5.177892
2.366929 1.330744 4.245901
2.304845 1.48998 4.202388
2.270213 1.457381 4.453978
1.646792 1.412984 5.313188
1.963535 1.401785 5.035081
1.863541 1.651108 4.968076
1.947389 -0.235968 1.444663
1.815773 -0.370663 1.271222
1.958373 -0.077684 1.424562
2.067205 -0.190628 1.70154
1.988297 -0.248307 1.537102
2.024843 -0.066413 1.571525
-0.956167 -0.341373 0.002831
-1.006892 0.027732 0.001459
-0.777149 -0.13587 0.002309
-2.214383 0.422762 0.714437
-1.967022 0.410324 0.434687
1.2465 2.455981 4.63072
1.375965 2.451027 4.470001
0.5554 2.5663 4.4628
0.527061 2.645759 4.305321
0.398677 2.607609 4.461359
-1.656083 0.552134 5.223766
-1.340776 0.460641 5.244867
-1.388763 0.876313 5.226907
-1.119386 1.124497 5.177347
-0.952319 1.129688 5.171628
-1.310488 1.121081 5.200325
0.203055 0.225621 0.011101
-0.003252 0.191227 0.009397
-0.148289 0.665945 0.007849
0.524369 -0.263058 0.005347
0.549718 -0.368858 0.004192
0.353743 -0.323029 0.008376
-1.486374 2.565605 2.718573
-1.446519 2.586469 2.594468
-1.557335 2.492049 2.530213
-1.13201 2.705119 2.092998
-1.077415 2.756291 2.234124
-1.033541 2.743671 2.08125
-2.519321 1.725377 3.115673
-2.657335 1.490351 3.158673
-2.650713 1.53303 3.35619
-2.100578 2.055585 3.505782
-1.850184 2.222901 3.560576
-1.944446 2.182292 3.293376
2.082771 1.738399 2.835631
2.217393 1.558705 3.12921
2.145884 1.543561 2.694903
2.227966 1.654178 3.758075
2.316275 1.501707 3.967921
-2.762253 -1.518305 3.784776
-2.687318 -1.641543 3.560903
-1.082564 2.481419 1.218197
-1.278973 2.459712 1.387402
-1.681381 2.032024 0.945266
-1.549733 1.980957 0.728332
-1.707819 1.88395 0.730861
-3.034003 -0.45639 2.988181
-2.959176 -0.793296 2.773283
-2.950847 -1.062878 3.223071
-2.867189 0.278724 2.148592
-2.957148 0.103862 2.487103
-0.678701 -0.181607 5.499056
-1.056465 -0.413848 5.309062
-1.385235 -0.705575 5.304618
-0.933541 -0.435498 5.317381
-1.089353 -1.509882 0.840223
-0.234673 -1.251569 0.373747
-0.453994 -1.415259 0.594203
-0.459089 -1.226236 0.394816
-0.629541 2.804419 1.981292
-0.505327 2.827695 2.121464
-0.331375 2.744704 1.859682
0.277145 2.607826 1.849153
0.166511 2.638547 1.84704
0.250402 2.65266 1.974345
0.427999 0.168586 6.752131
0.43731 0.259387 6.74549
0.393153 0.195002 6.739611
-0.030119 0.012248 6.496528
0.080199 -0.124133 6.528328
0.191525 0.003316 6.638843
-0.004169 -0.851961 5.092485
-0.079282 -0.808104 5.147132
-0.05615 -0.93825 5.07085
0.628666 -1.803098 4.728436
0.429595 -1.587146 4.829997
1.556191 2.406959 3.515786
1.73366 2.158975 2.456151
0.625935 -0.033333 6.46115
0.70594 0.085439 6.522738
0.614401 -0.023224 6.6118
0.49665 0.00225 6.2286
0.407233 -0.117377 6.092712
0.353822 -0.025738 6.081606
2.084074 0.745388 1.923755
2.137528 0.560869 2.007685
2.282574 0.754924 2.551053
2.246269 0.679926 2.387767
-2.409634 0.803585 1.040434
-2.380271 0.599575 0.96916
-2.507586 0.626285 1.217483
-2.210191 1.274751 0.843273
-2.066413 1.081932 0.583954
-2.299058 1.096057 0.912336
-1.03305 1.3487 0.1454
-0.952552 1.610288 0.199322
-0.837606 1.412694 0.12762
-0.661673 1.464945 0.117271
0.305343 0.571255 5.468562
0.306071 0.520313 5.521438
0.345573 0.52275 5.508369
0.039705 0.257971 5.781358
0.14103 0.354997 5.656776
0.020368 0.412914 5.654032
0.14097 -0.634857 5.324828
0.090661 -0.614809 5.403011
0.31606 -0.507214 5.220664
0.446964 -0.393222 5.273701
0.263287 -0.536996 5.268991
-1.350804 1.07044 0.141913
-1.260221 1.279057 0.179762
-1.081402 0.496022 0.008557
-1.339658 0.416222 0.006876
-1.348468 0.667559 0.056291
0.545539 -0.301118 5.312687
0.633632 -0.217008 5.313749
0.561386 -0.217677 5.38288
1.030751 -0.250582 4.979167
0.852327 -0.116323 5.073606
0.753434 -0.178057 5.124005
-0.837823 2.931077 3.11903
-0.524192 2.948309 2.9046
-0.435494 2.95338 2.987777
-0.482164 2.895005 4.190085
-1.51174 2.442091 4.033464
-1.297272 2.629809 4.223602
-1.274811 2.712223 3.930323
0.661912 0.023292 5.35369
0.690172 0.07226 5.304075
0.657852 0.167214 5.3449
0.46675 0.2043 5.54625
-1.3886 2.5887 2.2022
-1.548444 2.492917 2.439929
-1.385793 2.614841 2.429982
-1.492744 2.454519 1.852553
-1.341702 2.554467 1.866395
-1.366659 2.486738 1.637138
-2.710236 -0.545527 4.641448
-2.868176 -0.174558 4.271036
-2.951772 -0.215019 4.024759
-2.994157 -0.600299 3.968527
-2.905644 -0.557981 4.264334
1.304542 -1.65813 2.364869
1.5018 -1.63325 3.0064
0.612475 -2.301201 2.711178
-1.022724 -0.935803 0.236673
-1.059836 -1.240283 0.516845
-1.56924 -1.182478 0.482423
-2.301731 -0.401738 0.603298
-0.381653 1.244613 5.206854
-0.729009 1.437709 5.152137
-0.3848 1.0455 5.2366
-1.107472 1.275745 5.132301
-0.305178 -0.724208 5.218438
-0.268771 -0.512753 5.577914
-0.256943 -0.568323 5.500797
0.776088 2.639994 2.23646
0.776786 2.617559 2.127442
0.65935 2.640965 2.152278
0.831261 2.6702 2.489212
0.65245 2.69395 2.38975
1.320211 -1.043771 1.197499
1.171314 -1.00717 0.93624
1.314342 -0.912287 1.011068
1.092421 -0.726975 0.578533
1.266499 -0.775244 0.804814
1.124609 -0.880979 0.739922
0.380408 -0.198485 5.595152
0.314763 -0.294684 5.839635
0.342327 -0.330292 6.0915
0.289685 -0.368758 5.897035
0.594224 0.922391 5.362012
0.70915 0.7398 5.39955
0.810139 1.100055 5.411729
1.449737 0.964012 5.415681
1.154844 0.707392 5.384929
1.594816 0.816342 5.31671
-1.172854 -0.008526 5.269096
-1.11503 -0.186386 5.286683
-0.976253 0.092869 5.293478
-1.13845 0.2809 5.2797
-1.142057 0.110657 5.270884
0.088565 2.550111 1.562127
0.367111 2.596334 1.874462
-2.786032 0.755248 2.189048
-2.730821 0.949602 2.134372
-2.382572 1.776041 2.163679
-1.343075 -2.404811 4.342718
-0.874701 -2.437572 4.061685
-0.715062 -2.200838 4.529908
-1.267986 -2.268366 4.611494
-1.257719 -1.987203 4.967277
-1.728476 -2.201605 4.709227
0.1597 2.8852 3.1154
0.04575 2.9055 3.16735
0.288932 2.819343 3.880784
0.40705 2.75125 4.030029
0.429242 2.787427 3.831211
1.999039 1.593167 2.164399
2.01124 1.750674 2.519601
-0.432511 -0.517795 5.481374
-0.364245 -0.447759 5.586825
-0.461803 -0.370059 5.578974
-0.571398 -0.095653 5.620687
-0.436187 -0.128919 5.812986
-0.510184 -0.013672 5.726877
-0.189141 1.151498 5.235892
0.226352 1.445881 5.242002
-0.072322 1.395021 5.220149
-0.1003 1.1456 5.2437
-2.208555 -1.745425 2.089051
-2.210562 -1.917257 2.557972
-2.413832 -1.664305 2.310124
-2.062146 -1.432232 1.26593
2.29585 0.114385 2.32929
2.242318 0.175524 2.178412
2.259732 0.245061 2.243953
2.445351 -0.118228 2.924663
2.409678 -0.22226 2.769829
2.397627 -0.00203 2.709797
0.04204 0.582242 5.538613
-0.026538 0.509727 5.582983
0.127054 0.51758 5.561102
-0.18559 0.623701 5.519925
-0.183185 0.515663 5.575587
-0.080115 0.584519 5.549404
0.521086 0.006195 6.70151
0.466258 -0.004939 6.706769
0.516381 -0.066698 6.633971
0.388662 0.082002 6.737228
0.441073 0.12214 6.756474
0.404667 0.144254 6.743325
1.163781 -1.638841 4.361975
0.909667 -1.832318 4.60409
1.028811 -1.96713 4.437456
-2.012123 1.983974 1.435715
-1.869625 2.022136 1.227329
-2.20685 1.89945 1.77505
2.475155 0.056621 3.324939
2.459484 -0.147635 3.023478
2.471485 -0.306897 3.117335
2.440095 -0.29675 2.918291
1.667923 0.116696 0.87069
1.629026 0.246433 0.829042
1.703483 0.318335 0.981317
1.106331 0.187618 0.213308
0.11504 -2.379858 2.605772
-0.112965 -2.374686 2.519983
0.277864 -2.268735 2.38271
0.040733 -2.022651 1.662401
-0.09576 -2.179556 1.996576
-0.196592 -2.07177 1.710916
0.211839 0.19893 5.701405
0.106746 0.207707 5.792296
0.247 0.106 6.05375
0.228389 0.180227 6.121476
0.350431 0.094154 6.157954
1.856387 0.622547 1.383563
1.898785 0.668151 1.48827
2.024201 0.760215 1.78779
-1.445331 -1.340904 5.415121
-1.319775 -1.570638 5.298527
-1.189243 -1.357882 5.348207
-0.761159 -1.065449 5.267805
-0.939328 -1.395129 5.243491
-0.223714 2.286138 0.825096
-0.586199 2.621304 1.379507
-0.447811 2.578389 1.295751
-0.859861 0.705697 0.015177
-0.852162 0.828808 0.025464
-0.842 0.79915 0.0192
-0.829918 0.487285 0.003585
-0.64155 0.56605 0.0051
-2.83332 0.587245 4.453312
-2.842968 0.893709 4.292973
-2.325797 1.761078 4.443629
-1.482293 2.57992 3.290452
-1.121562 2.82739 3.106968
-0.979279 2.893238 3.191824
-1.027355 2.863873 3.016395
-2.609833 0.838155 1.553018
-2.612127 0.610738 1.452637
-2.884839 0.104821 2.119375
-2.882185 -0.054619 2.065832
-2.957291 -0.067679 2.398055
-1.712473 -0.6432 0.049629
-1.404562 -0.904589 0.132092
-1.977139 -0.901387 0.472292
-1.227438 -0.339193 0.004321
-1.015825 -0.668558 0.0303
-0.117666 2.815454 2.28206
0.007769 2.766528 2.149259
-0.167574 2.766936 2.00348
-0.167575 2.90377 2.791337
-0.077913 2.873716 2.655142
1.455584 2.402963 2.591676
1.414999 2.454865 2.802875
1.508963 2.382316 2.722211
1.2481 2.53545 2.6618
1.2832 2.49165 2.49745
1.192597 2.553509 2.588098
0.549886 1.672941 5.228887
0.564478 1.83894 5.169289
0.363502 1.774183 5.17163
0.387735 2.42224 4.742189
0.524625 2.442482 4.663783
0.19004 -2.5011 3.055099
-0.530468 -2.530244 3.175424
-1.575845 1.434224 5.056815
-1.619324 0.928277 5.227291
1.505972 -1.545562 2.646747
1.4743 -1.51675 2.4896
1.577046 -1.14271 1.823374
1.369072 -1.211534 1.568985
-0.928468 2.220706 0.68056
-1.107069 2.093009 0.599389
-1.019502 2.331284 0.880279
-1.04364 2.412228 1.050007
-1.157458 2.240408 0.821878
-1.235279 2.26773 0.915706
0.51435 0.568188 5.441269
0.615171 0.629942 5.39181
0.519036 0.646232 5.412229
0.392112 0.542575 5.482614
0.417164 0.603657 5.428686
0.317623 0.620735 5.412342
-0.783277 1.635594 5.134689
-0.590141 1.768961 5.139796
-0.569979 1.87305 5.130062
-1.360121 1.352146 5.095378
-0.959756 1.572878 5.112082
-1.285196 1.583613 5.014499
2.401842 0.549585 3.044292
2.362298 0.562963 2.791775
2.358165 0.732968 2.874972
2.012953 0.30195 4.649793
2.099086 0.100181 4.540027
2.310438 0.283398 4.185152
1.922908 0.701867 4.953421
2.06257 0.573685 4.689088
2.227147 0.634178 4.438813
1.784067 1.915056 1.965063
1.878561 1.691941 1.929235
1.751741 1.912714 1.858044
1.382386 2.332695 1.940133
1.312161 2.400789 2.063819
1.483263 2.2844 2.030742
2.165675 1.193851 2.356136
2.17908 0.991211 2.301142
2.113167 1.239508 2.204067
1.988655 0.934952 1.753528
2.018286 1.030552 1.858237
2.062702 0.941925 1.941309
0.6436 0.3009 6.7689
0.483536 0.424263 6.70578
0.348825 0.307842 6.333725
0.167959 0.270794 6.20294
0.4001 0.4662 6.5889
0.614433 -0.85172 0.21092
0.665145 -0.765739 0.195095
0.496266 -0.514479 0.017886
0.957186 2.524493 4.502074
0.76025 2.54725 4.4541
0.753124 2.48151 4.577704
0.57432 2.721074 4.027945
0.615567 2.74402 3.884201
0.56717 -2.525557 3.594051
0.834429 -2.284561 2.893544
0.948627 -2.278008 3.048243
0.670679 -2.427372 3.188631
-2.851449 -1.070634 2.637263
-2.859043 -1.158208 2.94319
-2.911123 -0.345332 2.182337
0.63168 2.720842 2.525764
0.718947 2.732884 2.778509
1.015922 2.637797 2.705153
1.100736 2.625521 2.871293
1.899123 -1.276098 2.900285
1.912299 -1.319101 3.153474
1.770426 -1.407139 3.074756
1.665329 -1.41767 2.722514
1.87354 -1.242613 2.706473
2.271106 -1.079336 3.738141
2.132902 -1.215847 3.426394
1.809036 -1.408283 3.312249
1.542234 2.347508 4.384454
1.512548 2.423632 4.132139
1.363069 2.504296 4.314487
1.850978 2.124208 3.964956
1.858133 2.088731 4.153322
1.965302 2.012079 3.907766
0.703004 -0.186817 5.251597
0.662303 -0.25674 5.195801
1.198229 -1.410886 4.387249
1.027974 -1.50465 4.555776
0.66405 -1.0939 4.87955
-2.813773 1.086909 3.032034
-2.747427 1.286839 3.105127
0.937391 0.059211 5.088257
0.906473 0.150523 5.122209
0.796138 0.075761 5.120099
0.70231 0.103711 5.172985
-0.629945 0.200039 5.529705
-0.547865 0.22518 5.583882
-0.561771 0.31711 5.488631
-0.569026 0.044462 5.638
-1.738083 2.092703 1.174094
-1.321933 2.323062 1.127701
1.596436 2.348572 2.941581
1.532347 2.401824 3.044763
1.732081 2.264965 3.24259
1.843524 2.155466 3.211186
1.735147 2.233595 2.964766
-2.67993 1.10932 2.098819
-2.739235 1.015094 2.285695
-2.6277 1.355911 2.315248
-2.712114 1.189646 2.470726
-2.736 1.21675 2.73285
-2.673 1.32255 2.51835
0.996604 -2.019393 2.461806
1.105371 -2.019684 2.679386
1.070992 -2.079226 2.744765
0.940599 -2.106052 2.563736
-0.628304 -1.378329 5.103822
-0.576703 -1.517282 5.026205
-0.371731 -1.452709 4.997766
-0.440323 -1.236367 5.08741
-0.387429 -0.697937 5.2517
-0.395243 -0.638943 5.355895
-0.480609 -0.66838 5.303558
-0.340261 -0.533806 5.514184
2.1853 1.6382 3.1415
2.219618 1.624563 3.361936
1.950632 2.040102 3.413162
-1.822196 -0.052892 0.011331
-1.342264 -0.023747 0.002713
-1.702228 -0.303331 0.014612
-1.559364 0.439835 0.056452
-1.467199 0.583233 0.074264
0.297294 -0.188734 0.011278
-0.64155 0.56605 0.0051
-0.483013 2.751572 1.800836
-0.645201 2.749099 1.756881
-0.921907 2.706515 1.740708
-0.956388 2.662847 1.603959
-1.069107 2.642796 1.677759
2.391007 1.194213 3.483124
2.404694 1.1714 3.644549
2.415531 0.982473 3.601622
2.396968 0.80344 3.910631
2.39689 1.044368 4.116435
2.349375 0.850113 4.237944
-2.504542 -0.968566 1.409552
-2.326314 -0.945112 1.008971
-2.424877 -1.211991 1.5038
-2.698868 -1.148591 2.175084
-2.560292 -1.161412 1.760459
0.171799 0.605608 5.49351
0.178456 0.749049 5.326012
0.111887 0.702733 5.375331
-0.748727 -1.295294 0.544858
-0.765421 -1.093256 0.367924
1.951664 1.241195 1.754983
1.924117 1.403052 1.765743
1.802086 1.756735 1.786571
0.415179 2.831892 3.164684
0.1597 2.8852 3.1154
0.179041 2.836571 2.715647
0.08558 2.840264 2.607248
0.021116 2.881918 2.825004
0.919652 2.595696 2.200462
0.983741 2.598467 2.335375
0.962978 2.535066 1.945833
0.958333 2.555371 2.039779
0.320599 2.578515 1.790285
0.47605 2.570035 1.82406
0.534526 2.551856 1.767936
0.719886 2.603441 2.016443
0.843924 2.584033 2.025725
0.776438 2.562627 1.908034
-0.167131 0.276845 5.852906
-0.010153 0.240856 5.858623
0.046622 0.302656 6.234931
0.222932 0.374636 6.391294
0.01287 -0.681844 5.364514
-0.247004 -0.680602 5.354146
-0.169819 -0.73503 5.276896
-0.167611 -0.647096 5.409719
-0.7899 -0.3907 0.0032
-0.570195 -0.348941 0.003407
-0.515549 -0.091242 0.00356
-0.647662 0.181186 0.003983
-0.385447 -0.085557 0.005702
-0.71327 1.977836 0.373938
-0.765567 2.223411 0.638518
-1.165873 1.965288 0.48407
-1.07728 1.976061 0.458167
-1.149778 1.888095 0.410734
-2.120126 2.022071 3.716097
-2.265259 1.912541 3.910159
-2.079884 1.961426 4.119517
-2.342532 1.896572 3.172727
-2.406799 1.847888 3.459606
-2.145664 2.042197 3.241662
1.494736 2.17727 4.888268
1.680292 1.143605 5.342424
1.411589 1.108145 5.459528
-1.055694 2.867391 3.380677
-0.942234 2.909371 3.587328
-0.785535 2.891196 4.122976
-0.869991 2.924287 3.797832
-0.514513 2.918928 2.621413
-0.674594 2.906846 2.578682
-1.730389 -2.398057 3.348656
-1.938943 -2.023026 2.359372
-0.161539 0.69854 5.489007
-0.0711 0.7347 5.4696
-0.384368 0.780388 5.274515
-0.364121 0.602875 5.360209
-0.343305 0.665665 5.340635
-1.444424 2.579532 3.735122
2.44269 -0.683887 3.386245
2.363099 -0.930299 3.509003
1.82285 0.623378 1.313579
1.770012 0.555196 1.187753
1.715838 0.65464 1.139634
1.65329 0.447032 0.943269
-0.319504 2.812281 2.157741
-0.114511 2.668036 1.729145
-0.155155 2.617699 1.55071
1.840069 1.077051 1.471631
1.82778 0.901498 1.415471
1.969599 1.011307 1.73
0.501812 1.405691 5.293025
0.413473 1.444945 5.266369
0.59021 1.214651 5.343313
0.492656 0.966619 5.339211
-2.704126 0.030491 1.509042
-2.764367 0.119289 1.713566
-2.669143 0.356847 1.51681
-2.700792 0.442158 1.641942
-2.827007 0.167683 1.931383
0.44365 -0.218 6.2049
0.56075 -0.10725 6.37455
0.499712 -0.179008 6.358555
-1.612099 2.412109 2.182572
-1.978089 2.115546 2.1084
-1.80992 2.263012 2.33371
-1.800459 2.258329 2.1709
-2.026825 2.121651 2.924943
-2.097906 2.06831 2.72734
-2.174872 2.01409 2.923023
-2.02725 2.12635 3.25755
-1.980259 2.15802 3.065346
-2.117299 2.059407 3.11694
-1.309528 2.705795 2.852996
0.957495 -0.699659 4.880939
0.681693 -0.624644 4.957823
0.901451 -0.894979 4.808058
0.55641 -0.337146 5.098764
1.908666 -0.697041 1.743298
2.099445 -0.487506 1.943907
2.023546 -0.436155 1.720809
2.104566 -0.310284 1.835456
2.456543 0.03478 3.720732
2.485166 -0.056766 3.520489
2.032466 -0.459457 4.566047
2.348357 -0.196182 4.195178
-0.783244 -0.124919 5.426515
-0.933545 -0.11566 5.307317
-0.912084 -0.000773 5.311434
-1.911101 -0.815428 5.291495
-2.193601 -0.911714 5.20233
-0.100355 -0.333873 6.167226
-0.262145 -0.286879 5.983423
-0.123748 -0.376313 6.041965
-0.330201 -0.212622 5.934189
-0.5222 -0.259 5.60495
-0.319157 -0.322143 5.799744
2.030319 -0.994433 2.452388
2.0569 -1.03445 2.5758
1.89418 -1.142061 2.470975
2.0176 -0.803572 2.093778
2.072055 -0.605673 1.982239
2.0841 -0.7384 2.15935
1.7939 0.1311 4.8044
1.682216 0.47727 4.993263
1.624489 0.619484 5.166515
-0.440312 -2.179822 4.547748
0.277501 -2.544587 4.001288
0.045812 -2.587524 3.629686
0.3765 -2.5579 3.5062
-1.139897 0.784751 0.041169
-1.27606 0.779912 0.058607
-1.122827 0.902735 0.061914
-0.965645 0.779621 0.02106
-0.940655 0.943466 0.05194
2.079812 1.036327 2.021605
2.19335 0.830146 2.275189
2.110784 0.887775 2.055622
2.144219 0.963757 2.182552
0.357435 -0.614008 5.048606
0.224457 -0.681933 5.064042
0.312592 -0.801663 5.021546
0.499037 -0.584084 5.022178
0.446784 -0.495989 5.057353
2.158648 -0.116805 1.914228
2.067759 0.097606 1.675745
2.474772 -0.032989 3.169496
2.437813 0.089458 2.9632
2.448076 0.227383 3.163887
2.411803 0.390585 2.982253
0.594864 -1.908076 1.684553
0.810552 -1.843393 1.774499
0.889789 -1.91381 2.045291
0.735602 -2.021431 2.089511
-0.288706 2.858902 4.249325
0.21501 2.714894 4.342189
2.347392 -0.363303 4.204751
1.500858 -0.629962 4.776802
0.6504 0.3234 6.4335
0.403646 0.053458 6.179086
-0.403074 1.7142 5.155222
-0.3728 2.0926 5.1147
-0.109621 1.956612 5.135971
0.12613 1.701387 5.181627
0.9388 2.711861 3.241478
0.834499 2.73478 3.090107
0.791051 2.758069 3.31499
0.973022 2.682949 3.002358
0.925778 2.691442 2.930612
-2.904001 -1.254202 3.759739
-3.028741 -0.807769 3.509162
-2.970257 -1.05072 3.965301
-2.908233 -0.941401 4.354763
0.715302 -0.032584 5.267749
0.729948 -0.078992 5.177688
0.721552 0.017096 5.15281
0.568969 0.398299 5.45984
0.564331 0.27341 5.471565
0.606898 0.321612 5.387948
0.553971 0.172115 5.46949
0.61068 0.14352 5.420278
1.398877 -0.350937 0.652095
1.271941 -0.385248 0.527808
1.337724 -0.237033 0.531274
1.318983 -0.612471 0.735258
1.900343 0.987065 5.180931
2.078536 0.950045 4.971618
0.347824 0.004171 5.647069
0.285532 -0.005089 5.740587
0.325105 -0.155142 5.729268
0.336951 -0.112236 5.922526
0.320779 -0.073348 5.982569
0.362194 -0.156142 5.994916
1.867296 0.706734 1.435708
1.798066 0.851654 1.348166
-1.27869 1.974071 4.926471
-1.234458 2.344674 4.799676
-0.909932 2.088453 5.06271
-1.103492 1.873852 5.064246
-0.910099 1.747756 5.111321
1.000562 -0.8424 0.575596
1.021891 -1.431188 1.327653
2.0546 1.55355 2.289
2.018306 1.672988 2.391916
2.110865 1.524958 2.457989
2.122895 1.340646 2.299482
-0.737439 -0.356988 5.41638
-0.678129 -0.276031 5.471633
-0.759404 -0.210777 5.429676
-0.532255 -0.525822 5.435562
-0.68294 -0.501106 5.386733
0.442481 -0.953873 0.19736
0.239428 -1.051508 0.203852
0.4484 -1.538226 0.850571
0.245308 -1.065007 4.983322
0.45018 -1.202033 4.915431
-0.022696 -0.9987 5.047017
1.660007 2.320431 3.7959
1.381082 2.531753 3.917901
0.18903 -0.578421 5.353769
0.32082 -0.45946 5.347323
-2.488589 1.624743 4.510878
-2.66827 1.452129 4.306254
-2.583392 1.434865 4.613234
-2.227468 1.341092 5.087593
-2.31655 1.635611 4.754118
-2.52863 1.326099 4.825111
-0.838844 2.695437 1.615413
-2.027521 2.090837 2.265288
-2.02688 2.108407 2.464646
-2.13155 2.01055 2.23585
-0.871871 1.179979 5.171277
-0.273688 0.805905 5.286586
-1.959093 1.635837 0.715819
-1.560968 1.790844 0.513607
-1.601622 1.830188 0.579389
1.556538 -1.517578 3.798957
1.41465 -1.5931 3.87775
1.463912 -1.67845 3.54393
1.373633 -1.464287 4.183517
1.612791 -1.369379 4.147859
1.464953 -1.2585 4.394269
1.146046 -0.119832 0.298121
1.548305 0.312962 0.720222
-2.664649 -1.448452 2.606657
-2.54007 -1.829148 3.47268
0.151136 -2.234201 2.221687
-0.233342 -2.266324 2.187752
-1.208108 0.601494 5.247727
-0.88268 0.917967 5.221293
-1.077484 0.872398 5.220625
-0.877908 0.560064 5.277411
1.7012 -1.1713 2.1335
1.516 -1.3778 2.2166
1.483739 -1.393609 2.181549
1.428422 -1.380119 2.034549
-0.922906 2.881904 3.980301
-1.078041 2.836038 3.898237
-1.087762 2.791936 4.113082
1.307 -1.5283 2.07655
1.40985 -1.5204 2.29515
1.136 -1.7806 2.22705
1.136 -1.7806 2.22705
0.99545 -1.8729 2.13295
-2.511261 0.484166 4.979287
-2.073657 0.815613 5.183775
-1.933906 1.12638 5.211742
-1.997993 1.231998 5.185817
-0.116377 2.939057 3.528448
-0.192101 2.945544 3.366917
0.10754 2.879336 3.763658
-0.132353 2.934502 3.723152
-2.985096 0.377366 3.22001
-2.955436 0.388105 2.850925
-3.00681 0.183713 3.132568
-3.014518 0.043835 2.944607
-2.980656 0.130051 2.690898
-3.006167 -0.228843 2.68262
-2.095597 0.585184 0.581805
-2.269362 0.889878 0.817478
2.132527 1.73831 4.233282
2.235083 1.625148 4.091372
2.211877 1.616883 4.270546
0.898645 -0.019209 0.097847
1.034576 -0.095428 0.20422
0.509157 -0.054412 0.008431
0.610535 -0.20059 0.004283
0.353572 -0.093844 0.011306
-2.095761 -0.449606 0.296158
-2.203603 -0.295099 0.413797
-2.070809 -0.085348 0.250683
1.87857 -0.44745 1.439926
1.72364 -0.608266 1.30764
-2.547405 1.012887 1.460794
-2.489284 1.143809 1.380343
-2.521246 0.827688 1.296478
2.413806 -0.636165 3.922091
2.375806 -0.848076 3.828664
-0.311273 -0.694814 5.309684
-0.299405 -0.625716 5.409341
2.223806 1.173112 2.55536
2.286282 1.08622 2.737781
2.267156 0.98152 2.609859
2.326164 1.145254 2.974214
-1.069375 1.590597 0.220063
-0.959184 1.849491 0.325711
-0.961047 2.029883 0.475076
0.512942 -0.391044 5.073351
0.654329 -0.472657 5.008259
0.298245 0.048423 6.693296
0.337579 0.145626 6.720087
0.251542 0.155945 6.689081
0.147105 0.175634 6.627153
0.241409 0.245668 6.683115
2.44105 0.42755 3.4507
2.4151 0.7673 3.35435
2.418519 0.655156 3.573427
2.418742 0.859315 3.689632
2.4143 1.1153 3.954
0.96872 2.679423 3.977942
0.9051 2.6526 4.1197
1.153276 2.602585 4.196045
-0.269223 2.926638 2.896098
-0.203835 2.929446 3.044483
-0.138488 2.910614 2.926471
0.150665 -0.675766 5.262595
0.219507 -0.605992 5.194316
0.199676 -0.599105 5.281709
0.27935 -0.543799 5.150587
-2.117207 -1.433418 5.210231
-2.427851 -1.112357 5.051464
0.27801 0.318404 5.633646
0.258289 0.096019 5.710436
0.327346 0.117236 5.64061
-1.487178 2.254142 1.17428
-1.448005 2.137344 0.885924
1.19245 -1.95485 4.18595
1.3378 -1.74885 3.90955
1.294032 -1.638675 4.101354
1.260245 -2.021048 3.312176
1.361027 -1.853448 3.528963
1.235172 -2.078545 3.840568
-0.32875 -1.589945 4.939542
-0.03977 -1.445409 4.941823
-0.0871 -1.0104 5.056
-0.117146 -1.118226 5.03531
0.068622 0.210028 5.877334
0.10285 0.18305 5.948
0.147719 0.134659 5.893617
-0.050115 0.269028 5.999506
0.011692 0.242477 5.970403
1.43808 0.58432 0.708443
1.22473 0.58737 0.44517
-0.753657 1.25049 0.086907
-0.426836 0.980219 0.017448
-0.505164 0.734504 0.012433
-0.613111 0.65685 0.009745
-0.64516 0.815598 0.019122
1.926885 0.048221 1.353029
1.940894 0.533961 1.517075
1.987441 0.283726 1.53185
0.02328 0.683084 5.48052
0.017171 0.748849 5.368193
0.54335 -0.114216 5.447953
0.597319 0.003818 5.419992
0.480573 -0.087455 5.49947
0.668227 -0.101496 5.343371
-1.0701 2.7696 2.29
-1.343634 2.620881 2.242657
-0.088138 -0.184511 6.385382
-0.439766 -0.030565 5.846355
-0.363452 0.022494 6.005867
-0.451169 0.08906 5.794306
-1.262474 1.908035 0.468101
-1.058784 1.741287 0.28344
0.632236 0.079454 6.716707
-1.376695 2.664843 3.055092
-1.419254 2.634857 3.159313
-1.337957 2.698606 3.178511
-1.402021 2.641346 2.926484
-1.53948 2.525669 2.899956
-1.487703 2.574701 3.098195
-2.020833 -1.977861 4.831558
-2.092347 -2.066858 4.581864
-2.462502 -1.834295 4.354819
-2.438327 -1.491912 2.001873
-0.262879 2.957595 3.512752
-0.69234 2.502171 1.076923
-0.617826 2.488357 1.049026
-0.671178 2.445835 0.959248
-0.448013 2.528983 1.175471
-0.301383 2.531899 1.246016
-2.021868 -1.257596 0.945791
-2.205005 -1.237996 1.163052
-2.145473 -1.076068 0.871089
-2.206283 -0.821984 0.695767
2.415865 0.538869 3.183959
2.429854 0.400039 3.151155
1.484344 2.256292 1.929669
1.147711 2.432289 1.812787
0.517406 -2.077967 2.035958
0.657485 -2.10758 2.213027
1.87705 1.9825 2.4841
-1.836415 -2.297606 3.098121
-1.869859 -2.196538 2.771333
-1.500348 -2.415211 2.99784
-1.34835 -2.37195 2.6589
0.437266 -0.145307 6.566765
0.420768 -0.036911 6.683068
0.2514 -0.0418 6.65085
-1.849288 2.035514 4.215011
-1.818983 2.148932 3.96395
-2.103407 1.847237 4.429312
-2.125039 1.880587 4.327271
2.200515 0.056579 2.030964
2.199297 1.695246 3.928762
-2.383071 0.317291 0.927642
-2.249226 0.590031 0.77541
-2.290159 0.754412 0.837679
-0.056446 0.865807 5.312659
-0.151415 0.944803 5.285655
-1.264847 2.642964 2.106776
-1.021771 -0.971195 5.319674
-0.77443 -0.821585 5.303817
0.167248 -0.898994 5.033677
0.059033 -0.922832 5.050675
0.092684 -1.063775 5.011283
0.154877 -0.70601 5.165102
0.088989 -0.795052 5.104326
0.159659 -0.755345 5.069492
1.130978 0.210295 5.085254
1.139462 0.14091 5.0592
1.72427 0.112639 4.834982
1.728822 0.336225 4.895496
1.451842 0.205329 4.991136
-0.677045 2.951159 2.970026
-0.746827 2.91778 2.74771
-0.861631 2.900362 2.82958
-0.929159 2.857223 2.594623
-1.072878 2.810205 2.620572
-0.954912 2.867149 2.730355
0.616035 0.224139 5.396007
0.67895 0.23585 5.2019
0.624372 0.301604 5.297324
0.632446 0.23895 5.355262
0.366686 -0.108343 5.622443
0.316575 -0.267172 5.746608
-0.20248 -0.542413 0.037209
-0.004242 -0.332701 0.01062
-0.19981 -0.218543 0.007003
-0.845297 2.552465 1.227662
2.2653 0.58705 4.32505
2.337892 0.573374 4.082623
2.146721 0.472336 4.515936
2.282845 0.414226 4.236948
2.31806 0.228409 2.442352
2.266619 0.329426 2.298902
2.250682 0.472503 2.307306
2.321178 1.46789 3.605231
2.332178 1.420637 3.44131
2.279373 1.533892 3.515384
0.683751 1.944337 5.130561
0.698306 1.768174 5.247399
0.858095 2.425069 4.691651
1.057203 2.451411 4.650268
-0.045416 -2.513389 3.032907
-0.367527 -2.55469 3.337036
-0.439941 -2.467194 4.049497
1.605815 -0.033441 4.870454
1.327355 -0.664184 4.817401
1.337853 -0.471359 4.859213
-0.470565 -1.697383 4.921882
-0.9058 -2.0834 4.70675
-0.95931 -1.868793 4.954065
2.001791 1.945163 3.072619
2.060862 1.902157 3.522266
2.10426 1.820851 3.357315
0.228466 0.975695 5.304101
-2.60403 0.163484 1.310242
-2.290669 -0.210212 0.563778
-2.781912 0.889991 2.335253
-2.79846 0.983166 2.657002
0.170101 2.764237 2.319727
-0.012775 2.828705 2.430044
-2.940143 -0.577428 2.447062
-2.998106 -0.46007 2.654903
-2.971922 -0.293516 2.463128
0.6597 0.1743 6.3824
0.542 0.0062 6.276
-0.1641 -0.2565 0.0071
-0.1641 -0.2565 0.0071
0.097505 -0.28307 0.010678
-2.865323 -0.699099 2.212941
-0.663599 -1.886265 1.332287
-0.585764 -1.737166 1.076299
-0.296591 -1.742634 1.055035
-0.402473 -1.84296 1.242078
1.10277 -2.234834 3.306065
1.182871 -1.996029 2.843566
1.285096 -1.911968 3.011654
1.188893 -2.067756 3.069527
1.322497 1.349307 5.467392
1.448059 1.838506 5.231699
1.171593 1.741152 5.378016
0.975127 1.109328 5.455698
0.9212 0.90198 5.450893
1.093777 1.043417 5.495723
2.232425 0.369587 2.208354
-2.942423 0.656759 3.361076
-2.988159 0.364214 3.463124
1.716143 2.0688 2.056882
1.781762 2.038665 2.230166
1.635209 2.101983 1.895941
1.571314 2.192027 1.974822
1.68963 2.066636 1.970847
0.920794 -0.50135 4.941019
1.147626 -0.570075 4.877035
1.026735 -0.38007 4.948622
0.802978 -0.577368 4.9434
0.359152 0.443951 6.609223
0.321871 0.361992 6.703113
0.414757 0.434865 6.682976
0.373631 0.353248 6.726141
-1.818644 1.634896 0.578794
-1.897028 1.378842 0.509097
-1.950225 0.504072 5.207071
-2.118828 0.093049 5.145699
-1.987172 0.008736 5.176275
-1.226872 2.11187 0.680201
-1.326845 2.074822 0.690557
-2.613832 1.217401 1.925578
-2.553121 1.475635 2.106939
-1.69234 2.369189 3.523608
-1.595059 2.448397 3.640393
-1.542379 2.521259 3.450884
-0.197237 0.179356 6.231931
-0.090813 0.276733 6.146391
-0.191893 0.24038 6.077937
-2.316582 1.910936 3.661775
-2.655683 1.544403 3.991116
1.63011 2.298354 2.748382
1.700446 2.217554 2.572155
1.813277 2.133308 2.755487
1.896949 2.076164 3.025487
-2.344041 -1.988938 3.263741
2.076476 1.123557 2.049355
2.032082 1.131325 1.929324
-0.718372 0.628256 5.274745
-0.65665 1.0348 5.21195
2.009984 0.597565 1.696847
1.956357 0.750036 1.634664
1.919617 0.863465 1.58861
1.97535 0.97715 1.73295
1.983594 0.863562 1.720379
1.256622 2.469834 2.25128
1.538335 2.318415 2.442686
-1.832727 -2.38773 3.592769
-1.639946 2.427066 2.601014
-1.664674 2.392656 2.417573
-1.70724 2.347167 2.296892
-2.314694 1.693911 1.539521
-2.145058 1.867651 1.422846
-2.167611 1.750038 1.226596
-2.248544 1.507686 1.08988
-2.403729 1.402297 1.360035
2.396164 0.102107 3.970681
2.416358 0.27236 3.805161
0.46215 0.419674 5.523133
0.522773 0.341654 5.516246
0.496962 0.515888 5.474215
0.436343 0.562818 5.458957
0.932709 0.775657 5.436274
0.61389 0.37189 5.321888
0.679129 0.427834 5.310706
1.950417 -1.342778 3.672406
1.758948 -1.425596 3.746975
1.847471 -1.399245 3.506521
1.175776 -0.522144 0.514764
1.094094 -0.46744 0.396428
1.015077 -0.582828 0.392001
-0.317686 -0.91305 0.12109
-0.736468 -0.887336 0.222273
-0.3139 -1.1004 0.2466
-0.073855 -1.065521 0.197556
0.430956 0.798776 5.34376
0.439598 0.709498 5.382408
0.494309 0.816606 5.354859
0.763655 2.667676 4.123237
-0.098686 0.52052 5.5842
-0.117954 0.43108 5.649555
0.143495 -2.065784 4.670173
-0.058633 -2.409978 4.296751
0.244205 -2.290758 4.481101
-2.982629 -0.143511 3.869249
-2.951318 0.212974 3.993439
-2.614978 0.918865 4.869789
-2.721089 1.018685 4.627668
-2.724648 0.913391 4.674075
-2.799783 0.974514 4.410444
-2.739705 1.108585 4.5143
-2.756543 1.238366 4.295752
1.083627 -1.769257 2.086306
-1.692356 -0.921188 5.32695
-1.505518 -0.872979 5.32355
-1.371861 -0.40951 5.27661
-1.73771 -0.502345 5.255993
-0.317843 2.61108 1.416685
-0.065725 2.568457 1.490776
-0.351278 -0.571805 5.457139
-0.341961 0.587097 5.430912
-0.268805 0.572655 5.511577
-0.236233 0.662259 5.46576
-0.2768 0.5183 5.54985
-0.371842 0.440177 5.535309
-2.772646 0.593074 1.973336
0.833617 2.700983 2.732773
0.812786 2.726882 2.904312
0.92003 2.679322 2.791075
0.664398 2.772469 3.062396
1.93385 0.7268 1.58215
2.001889 0.420581 1.614379
-2.335962 -1.486185 1.763372
-2.038624 -1.693829 1.712914
-2.214213 -1.444345 1.48673
0.614672 2.568078 1.874099
0.629411 2.582187 1.925299
2.322157 0.624846 2.642514
-1.559192 0.70064 0.160786
-1.149211 0.689397 0.030471
1.422263 0.603638 5.25066
1.069386 0.49031 5.267833
1.26194 0.432779 5.174409
1.356984 0.669058 5.317587
2.340559 1.233911 3.16511
2.347063 1.327652 3.334277
2.363372 1.338319 3.511296
1.868767 -0.533083 1.492111
-0.994374 2.112904 0.575271
-2.364238 1.150035 1.062098
-2.381139 1.270527 1.188757
-1.875008 2.102841 1.531577
1.021077 -1.351395 4.581295
0.810902 -1.282888 4.763216
0.822309 -1.140942 4.772403
1.063599 -1.286693 4.558253
1.097561 -1.099391 4.646239
-0.950022 0.607357 0.010925
-0.662242 0.566203 0.005426
-0.892886 2.904487 2.95555
-0.682752 2.957666 3.069484
-0.578238 2.966062 3.166906
0.548972 0.431581 6.477537
0.460354 0.465176 6.513714
-1.2284 2.77975 3.28785
0.945906 -1.012157 0.671438
1.061249 -0.974994 0.770644
1.016884 -1.136546 0.890867
0.889371 -1.229116 0.82468
1.586365 -0.541711 1.027663
1.438736 -0.693711 0.955028
1.500822 -0.442388 0.829879
-0.835263 1.255205 0.093675
-0.907132 1.120268 0.079031
-0.802698 0.905035 0.038094
-0.720819 0.831228 0.020611
1.056253 2.662556 3.072234
1.226326 2.591681 3.124524
1.23194 2.5719 2.92466
-1.996922 2.137878 2.572271
-1.934841 2.186328 2.671488
-0.981511 -0.2566 5.307547
-0.804642 -0.25826 5.338623
-0.842301 -0.151621 5.33898
0.941375 2.629168 2.441972
-1.729518 0.501756 0.219687
-1.798096 0.259517 0.127518
-2.219051 0.052652 0.549852
1.556468 -1.570732 2.898195
1.428597 -1.67503 2.834326
-1.158165 1.756688 0.317146
-1.203429 1.442089 0.21187
-1.669194 2.218143 4.133318
-1.550514 2.458498 3.823443
2.185148 1.712948 3.552712
2.092348 1.858003 3.792824
0.264143 2.60331 4.544534
0.054836 2.699672 4.479939
1.235004 2.456156 2.127155
1.089048 2.528394 2.139508
0.277862 -0.382778 5.794116
0.076778 -0.461122 5.963032
0.618348 2.684808 2.332817
-0.161658 -0.477938 5.724913
-2.479428 1.02197 5.008923
-2.282294 0.900616 5.145501
-1.460964 -0.03423 5.247908
-1.352708 0.221366 5.255188
-1.259387 0.244399 5.261351
-0.78475 1.4266 5.14535
-1.085726 1.338002 5.124822
-0.844893 1.895514 5.111215
-0.524504 -2.264058 2.146057
-0.428063 -2.360903 2.427539
-1.094024 -2.447627 2.876882
-1.037531 -2.375141 2.558519
0.487872 -1.98274 1.773906
0.237715 -2.092995 1.908859
-0.227163 -0.024661 6.274304
-0.712611 0.027162 0.001895
-0.683103 0.092267 0.003174
-0.678045 -0.410376 5.44223
-0.774829 -0.408753 5.373963
-1.114601 -1.692428 5.158433
-1.516002 -1.724599 5.235092
-1.836477 -1.465292 5.318311
0.291975 0.186808 6.704674
0.333682 0.227485 6.71928
0.357483 0.271883 6.72775
2.45682 -0.205138 3.848466
-0.790541 0.077437 5.429552
-0.731348 0.11545 5.469185
-0.850917 0.097469 5.362724
-0.810151 -0.045882 5.401093
-0.993282 2.757539 4.401628
-1.221524 2.018195 0.562497
-1.464278 1.920653 0.585538
2.152761 1.383506 2.456353
1.979878 -0.636376 1.811984
1.998732 -0.53921 1.752918
0.002053 2.900561 2.997155
0.181971 2.869662 2.989093
-1.187999 0.261406 -0.000642
-0.709779 0.188282 5.479766
-2.815826 -1.392393 3.382283
-2.786098 -1.358269 3.018898
-2.703188 -1.580477 3.24191
0.254395 2.856823 3.670837
0.08426 2.902147 3.564958
1.758341 2.093248 4.512286
1.605915 2.205504 4.638159
1.747766 2.00805 4.711958
1.71195 2.235108 4.148555
1.689538 2.21055 4.381044
-1.2746 2.7408 3.0365
-1.314291 2.710345 3.010705
-1.252109 2.758456 3.134366
-2.495589 1.665159 2.441987
1.172335 2.54043 4.446363
2.480119 -0.472593 3.390021
2.493723 -0.175536 3.344301
0.3536 0.03005 6.71515
0.466326 0.054337 6.745774
0.428515 0.046836 6.73913
1.504482 2.225686 1.881887
1.432657 2.183226 1.593037
0.316111 -0.81752 0.066786
0.497235 -0.692022 0.080449
-1.624538 -1.856235 1.588659
-1.424153 1.802679 4.843103
-1.428135 1.658542 4.916231
-0.998898 0.573578 5.271615
-1.251838 0.897448 5.227825
-0.903723 0.245401 5.317621
-0.376983 0.306641 5.676563
0.375332 -0.221244 6.016508
0.328284 -0.216312 5.836802
0.441279 -0.162348 6.154822
0.169304 2.849362 2.805401
0.325491 2.797884 2.67858
1.154878 0.013167 0.268632
1.350053 0.446299 0.516328
1.436291 0.338926 0.580166
0.244738 -1.428857 4.900029
2.123458 1.63056 4.534442
1.989384 1.718453 4.694012
-1.298029 2.699056 2.65707
-1.178307 2.762469 2.62552
-1.20578 2.732511 2.482459
-1.319943 2.673723 2.540521
1.068292 1.296916 5.466616
0.903991 1.286056 5.429934
-0.220718 2.713882 1.77976
-0.44114 2.970137 3.268104
2.216549 0.642924 2.269961
2.148572 0.666456 2.082289
-2.755294 -1.188576 4.610599
-2.717978 -1.418985 4.447906
-2.719099 -0.936497 4.734621
0.806423 2.272603 4.887671
0.994746 2.360489 4.817965
0.392151 2.12454 4.997466
0.633523 2.30515 4.822223
-0.756479 2.622212 1.369833
-0.943024 2.571244 1.333096
-0.900641 2.647622 1.50863
-0.73014 2.698537 1.593911
0.068657 2.702355 1.972371
0.135334 2.740201 2.158104
-0.074691 -0.689881 5.36048
-1.100841 1.098184 0.099958
-1.214332 1.094868 0.118159
-0.248866 -0.089081 6.213774
-0.343488 -0.102928 6.020817
-0.23209 -0.207081 6.136678
1.890282 1.141965 1.594542
1.897452 1.40113 1.695415
0.30911 0.461785 5.553775
-1.677331 -2.201087 2.48577
-2.910461 0.188697 4.182548
-2.684405 0.517118 4.761041
-2.469367 0.683514 5.033453
-2.725655 0.750557 4.706051
-0.283011 0.695731 5.387792
2.112409 0.07727 1.781408
2.156336 0.090615 1.909662
2.168023 0.200252 1.965583
-0.3848 1.0455 5.2366
-0.71225 1.14015 5.1921
-0.74092 1.369552 5.157224
-2.064252 -0.718987 5.226698
-1.708719 -0.669099 5.286091
2.394995 0.677288 3.813872
2.3746 0.6314 3.9567
1.583316 2.033611 4.944904
1.667485 1.640126 5.186366
0.323631 0.022947 0.0118
2.316918 -0.486902 2.546179
2.377738 -0.277601 2.640721
0.1332 2.60825 1.73355
1.884043 0.828218 1.505995
0.865323 -2.384639 3.303744
1.553881 2.405092 3.933033
1.606377 2.350302 4.074212
-2.808146 1.085109 4.245526
-2.79665 1.196594 4.07691
1.60317 0.51129 0.887454
2.308813 0.899596 4.448222
2.142292 0.805727 4.743347
1.214 -1.891778 2.69522
1.863272 1.959946 2.353204
1.939254 1.830107 2.372098
-0.132647 2.866309 4.16082
-0.209692 2.940513 3.78782
-0.117072 2.787071 4.388665
-1.169368 2.807603 3.669119
-0.457575 0.644043 5.309759
-0.524609 0.800159 5.258963
-0.435532 0.518809 5.364812
0.292718 -0.454413 5.428602
0.228813 -0.530312 5.371613
0.389966 -0.408519 5.338935
1.932916 -0.592671 1.670726
1.301717 0.071111 4.998205
0.591453 2.061566 5.031209
0.031009 2.039543 5.107878
0.3784 1.9045 5.1163
0.188893 0.09322 5.923119
0.151828 0.134571 5.815715
0.117902 0.16578 5.864883
-1.435659 2.387084 1.437928
1.616943 -0.789811 1.307059
1.474721 -0.797314 1.091821
0.320394 -0.153613 5.816258
0.297854 -0.062055 5.834863
1.934458 1.559748 1.881538
-1.453923 2.50928 2.011096
-1.621154 2.37214 1.925595
-0.799116 2.748334 1.798335
-0.841592 2.78466 2.008447
2.394726 0.722208 3.104665
2.311238 1.02174 2.801424
2.297262 0.905455 2.679633
-0.243078 2.374827 4.990964
-0.1275 2.557027 4.792442
-2.64137 -0.565503 1.397571
-2.648435 -0.29079 1.328838
0.822502 -0.016345 5.090007
1.055822 -0.134176 5.004233
-0.328043 -1.243717 5.049538
-0.31632 -1.093264 5.091565
0.932033 2.524146 1.854933
-0.462578 -1.067575 5.143848
-0.406895 -0.869538 5.177137
1.563191 -1.50208 2.687499
0.680648 -0.124924 5.316491
0.685404 -0.056378 5.319748
0.516137 -2.38525 2.881419
0.25589 -2.526995 3.207403
0.462391 -2.471605 3.142389
0.128628 -1.211763 0.331153
0.405781 -1.285655 0.487798
0.708227 -2.179961 2.456246
0.2736 -2.2038 2.1999
-1.753819 1.169003 5.221682
-1.891057 0.864357 5.215653
-0.623049 -0.237578 5.520268
-0.598427 -0.174522 5.573617
-1.399258 0.912636 0.113239
-1.56325 1.09665 0.2141
-2.136945 1.991713 2.07621
0.207982 -0.432772 5.901717
0.2575 -0.3998 6.0047
2.376882 1.367284 4.034136
2.404468 1.168909 4.055349
-0.353443 2.563081 1.279444
-0.607903 2.524094 1.123796
0.763905 -1.336885 0.802876
-2.597124 -0.84841 1.46653
0.134797 0.151366 5.983433
0.053744 0.242087 6.051661
0.243964 0.234094 6.199007
2.096153 -0.0063 1.742481
-0.714673 -1.873179 4.85016
-2.760294 0.45264 1.850703
-2.768905 0.542483 1.928768
0.945003 -2.178135 2.758309
-2.647013 -1.69067 3.983836
-2.424216 -1.931472 4.144194
-0.109784 -0.604316 5.480922
0.343755 -0.508748 5.096435
-0.491284 -1.626227 0.893185
-0.742886 -1.604081 0.91222
1.480351 -0.170213 0.660294
1.390104 -0.080471 0.5273
1.738819 0.429341 1.079955
1.8135 0.61005 1.28935
0.768691 -1.558139 4.762021
0.488577 -1.438162 4.856659
1.725968 -0.01075 0.965715
1.59376 0.025375 0.755193
1.61586 -0.067278 0.80926
2.419092 0.782381 3.640749
2.415059 0.868496 3.503177
2.414903 0.784639 3.40545
1.979599 0.118058 1.473167
2.027748 0.150397 1.585974
-0.567199 -1.046098 0.276369
-0.106495 0.271244 5.998204
-0.595065 2.698961 1.595608
-0.458608 2.708628 1.661388
-0.618454 2.666642 1.497854
1.273273 -1.173627 4.534805
1.2321 2.5019 2.37495
1.430353 2.385993 2.359602
-2.379425 1.54147 1.457229
-2.444824 1.538654 1.714888
-1.160144 2.656825 1.912678
-1.353434 2.585217 2.048135
-2.17855 0.50215 5.15715
-2.067264 0.297253 5.18119
-1.543046 1.970318 4.627738
-1.920635 1.929143 4.360123
0.582429 2.612013 2.011779
1.793784 1.725364 1.721843
1.844586 1.550581 1.636318
-1.422233 2.008115 0.667835
-1.322066 1.985042 0.579887
0.448572 2.825246 3.546943
0.63846 2.786495 3.524688
-0.331667 -2.024845 1.593061
-0.448527 -2.067473 1.679894
-0.441623 -1.963351 1.461825
0.424119 -0.259492 6.248457
0.513522 -0.160893 6.458746
0.705669 2.755723 2.942562
2.104659 1.843279 3.684804
2.252555 1.601216 3.638694
2.006699 -0.926125 2.268707
2.135888 -0.81853 2.406548
2.241408 -0.630901 2.441197
0.278164 2.834397 2.851886
-1.628597 2.371801 3.850634
-1.724598 2.261269 3.897085
-1.701391 2.332927 3.6854
-0.884612 -2.525153 3.347954
-0.457227 -2.538846 3.710922
2.118003 1.117485 2.164868
2.193285 0.896248 2.304657
0.313846 0.283526 6.711156
-0.559394 2.956233 3.005019
0.60852 0.01019 6.360166
0.650665 0.109152 6.386653
0.753611 0.590954 5.358212
1.207023 0.931086 5.47214
1.198237 2.626562 3.482331
0.653091 -0.41044 0.047752
0.726257 -0.349992 0.070745
0.735148 -0.101286 0.02734
-1.070395 2.203178 4.991521
1.875539 -1.347449 3.956051
0.462846 1.264026 5.306715
0.409497 1.013685 5.317447
0.558485 1.289518 5.329891
0.334019 0.97395 5.31154
1.0712 -1.67745 1.8744
-0.694986 2.351318 0.804368
2.039732 0.584106 1.761675
1.60815 -1.4099 2.53845
2.183836 1.375436 4.744612
2.188024 1.202894 4.865771
1.931834 -1.048377 2.327524
-0.689697 -2.277528 2.184045
-0.608127 -2.326182 2.316714
-1.761621 -0.287255 5.225768
-1.432715 -0.286277 5.258419
2.263215 -0.018356 2.20457
2.319293 -0.109984 2.396773
-2.541427 1.723055 3.647133
-0.2836 0.05995 6.16155
-2.145905 2.024817 2.567664
-0.854948 -0.470747 5.349442
-0.69245 2.96089 3.706081
-0.784377 2.95255 3.593109
0.6819 -0.595895 0.13588
2.36625 0.0332 2.5672
1.867169 0.520765 4.870983
2.261769 0.055788 4.320356
0.157493 0.451922 5.597299
0.255453 0.402533 5.596522
1.832354 0.702596 1.365543
1.676765 0.918363 1.155911
-2.080305 1.44708 0.742721
-1.692627 1.438927 0.388729
-2.47448 1.01316 1.262268
-1.606852 2.469802 3.02844
-1.59758 2.47049 2.75067
1.362949 0.176019 0.458231
1.24479 0.311735 0.345204
1.491682 0.215105 0.614471
1.490473 0.107688 0.616423
0.181169 -1.782505 4.800548
0.0641 -1.9622 4.7388
-0.752939 1.029907 0.054174
0.925208 2.660121 2.63006
0.38017 0.414713 6.693801
-0.183083 1.33771 5.217095
-0.367731 -0.280726 0.007242
-1.28615 -2.49435 3.292
-2.89806 0.812965 3.998082
-2.842984 1.001355 4.141902
-2.864691 1.014143 3.870359
-2.903288 0.88226 3.601249
-0.198231 2.57677 1.423177
-0.26833 2.5677 1.350073
-0.331782 2.587663 1.348746
-0.889361 -1.663318 5.080566
-1.845225 -2.389367 3.887043
-3.049209 -0.38767 3.288833
-0.491167 0.10733 5.697647
-0.661304 0.080734 5.547036
1.2563 -1.73295 2.4406
1.2994 -1.68545 2.44685
0.266951 0.619418 5.432589
0.225082 0.662091 5.381916
2.081834 1.209808 2.101585
2.081353 1.292361 2.140267
0.583257 2.669782 4.195383
-0.468394 -0.606093 5.377968
-0.831246 1.544839 5.133069
-1.809528 2.277284 3.354814
-2.027812 0.749321 0.521092
-1.914555 -1.895479 1.993467
-1.808326 -1.867917 1.802006
-0.109626 -1.598819 0.815341
0.227869 -1.367802 0.527985
-2.862154 1.022789 3.537072
-1.067366 1.308779 0.142373
-1.232067 -1.168238 5.370065
-0.934104 -1.12095 5.305681
1.760637 -0.832754 4.61142
1.897179 -1.050611 4.418714
-0.934923 2.664065 4.632708
1.503453 2.29117 2.138074
1.58966 2.207677 2.082349
-0.792813 0.36129 5.309798
-0.73113 0.381698 5.312852
1.0712 -1.67745 1.8744
-2.510585 -0.691978 4.930779
-1.905504 -1.171474 0.704069
2.391091 0.364984 2.846459
2.377438 0.424772 2.79245
1.908378 0.231905 1.341522
1.874261 0.060561 1.241598
-0.889721 1.72475 0.238361
0.809105 2.586515 4.350286
1.010231 2.595842 4.304474
0.124448 -0.000524 0.010647
-1.860583 0.285559 5.226056
-1.78785 0.4913 5.2224
-1.611955 0.378121 5.232942
1.088359 -2.295949 3.849477
1.800509 -1.331598 2.823671
1.678466 -1.467361 3.0163
1.624385 -1.487961 2.827778
-2.545305 0.006631 1.139029
-0.59827 0.557774 0.004988
-2.942318 -0.190038 2.30198
-2.56023 -1.770287 3.205457
0.247907 0.201856 6.688831
-1.930683 -0.689903 5.269327
1.439183 2.468581 3.130762
0.544488 0.738073 5.383628
0.993605 2.560028 2.127004
-3.032213 -0.045896 3.124769
-1.399056 0.345617 5.248897
-0.470631 0.956969 5.240543
-0.2736 0.8348 5.2763
-0.2736 0.8348 5.2763
-0.75364 0.014505 5.471451
0.98816 -1.661999 4.584305
-0.051299 0.273681 6.058973
0.860082 2.629883 2.296206
-1.283554 1.777402 4.965322
-1.190228 1.755908 5.035461
-1.04535 1.703011 5.090442
2.30896 0.787238 2.66748
2.161041 0.546604 4.51939
-0.0147 2.6828 1.85925
-1.463115 1.667446 0.368742
1.207915 -1.16828 1.213369
-0.806239 -1.414135 0.698559
-2.766378 -0.948953 2.085685
-2.80372 -0.72269 1.989462
0.956296 0.639084 0.216607
0.868596 2.619888 4.242905
-0.374007 2.960315 3.158746
0.237087 2.55783 1.68485
-2.770073 0.90484 4.550861
-0.70665 2.2205 5.07915
-1.360879 0.237943 -0.002553
-0.236341 0.227034 6.006363
-1.459728 0.80755 0.124618
-2.641193 1.097492 4.764197
-2.888174 -0.875742 2.506531
-1.075915 -0.126812 0.001984
-1.74215 2.009588 4.385637
-1.478318 -2.495296 3.899129
1.907085 0.783199 1.541725
-0.126989 -0.237905 6.290329
1.88065 1.5953 1.7625
1.956247 -0.979989 2.227057
2.256053 0.576196 2.373794
-0.965105 0.471805 0.004796
0.515269 2.788577 3.69756
0.742675 2.750247 3.734669
-0.922598 2.145382 0.582774
-0.818297 2.277482 0.719129
1.771975 1.837843 4.909234
1.265349 2.588401 3.94184
1.734763 2.267996 3.500814
0.760562 -0.486006 0.140529
-0.134588 2.589754 1.493771
-0.282189 -0.433361 5.688811
-0.149526 -0.423524 5.879448
-0.030119 -0.637109 5.423011
-1.073364 1.876615 0.378166
-0.153842 -0.741639 0.041833
-0.961355 2.513372 1.197936
2.027539 0.84711 1.824695
1.313077 -1.917483 3.191565
-0.137788 0.116206 6.382818
0.0112 0.1456 6.5421
1.885686 1.741145 2.02405
-1.5304 1.1305 5.2321
-1.2788 -2.4277 2.8194
2.117341 0.795635 2.039925
-1.805716 1.786814 0.708178
-0.356267 -2.14307 1.856532
-0.121585 -2.480583 2.870957
-1.00603 2.073465 0.536692
-1.036809 2.032156 0.503533
-1.979468 1.420671 0.612638
0.017343 2.885739 2.860427
-0.707 2.8423 2.1826
-1.577147 2.118742 0.993509
1.937977 -0.510588 1.608445
1.947311 -0.360093 1.516739
0.55135 -0.0172 6.2948
0.802103 -2.240331 2.724956
1.092366 -2.135786 2.956007
0.725627 2.404557 4.699759
-0.373049 -0.960554 5.144814
0.494671 0.325049 6.378423
2.321707 0.894433 2.777532
-2.780489 -1.464787 4.087973
-0.913933 -2.3638 2.485298
-0.69548 -2.351881 2.405253
-0.270837 -1.258686 5.028376
-0.790093 2.931495 3.003581
-1.085199 2.788639 2.485677
1.965107 -1.324574 3.394856
-0.687145 2.966917 3.513003
-0.56465 2.973308 3.371612
-1.181244 1.579342 0.243733
0.53472 0.117432 6.771373
-0.161152 -0.379135 0.019074
0.66445 -0.0309 0.0024
0.658719 2.784923 3.252962
0.355992 2.847364 3.472213
1.705362 0.535016 1.067637
1.739026 0.538991 1.126064
-2.64539 1.06551 1.875962
0.502613 0.282466 5.528954
1.478787 -0.89446 1.219411
0.337492 -0.433655 5.38074
-0.633566 2.439508 0.947573
-0.546131 2.499614 1.083764
-2.35759 -0.530245 5.019678
1.386672 -1.319121 1.813242
-0.863743 0.354122 0.002007
1.382719 2.314113 1.874506
-0.188609 -1.954676 1.462958
-0.644108 -1.801493 1.1873
1.294906 0.100304 0.382266
0.17304 0.106635 5.842316
1.688342 -0.541241 4.743499
0.00077 2.779409 4.327789
2.389108 1.091449 3.340509
1.950533 1.62643 2.018917
2.128377 -0.606324 2.11341
0.178329 0.172488 5.750593
-2.076465 0.544492 5.180538
1.8302 1.6374 1.6624
-2.378422 0.987449 1.031086
-2.444153 0.93382 1.154863
1.949019 0.458699 4.766036
0.580996 -1.380529 0.699309
-0.65665 1.0348 5.21195
-0.98347 -2.227897 4.548426
-0.943606 2.751108 1.964634
0.5296 2.5671 1.83695
0.910884 0.597461 5.356258
0.712251 -0.180505 5.193322
0.170561 0.489131 0.010587
0.22155 2.5952 1.7833
0.842321 2.711323 3.901571
-1.66082 -1.953416 5.031581
2.367422 1.190801 3.288628
0.147089 0.106563 6.625255
0.414312 -0.453566 5.093329
0.499115 -0.383489 5.115696
0.37891 -0.540213 5.068192
-1.87164 2.224285 2.433598
2.118368 -0.135 1.804685
-1.591514 1.89067 0.641005
-1.8266 1.8957 4.4946
-0.320597 -0.030046 0.006929
-0.87059 -2.31217 2.294262
-0.384363 -2.467115 2.808357
0.9598 2.5793 2.1762
2.32105 1.0552 2.87245
-0.658289 -1.51304 0.76421
0.015193 -1.339622 0.46269
0.774848 -0.415372 5.010536
-0.730227 2.379834 0.849429
-0.502489 2.550788 1.209309
-0.1641 -0.2565 0.0071
1.042755 0.448471 0.208985
0.253662 -1.223011 4.947187
-1.717908 0.23832 5.230843
0.537321 1.36517 5.310753
2.131138 0.292192 1.887729
-0.026279 0.273946 6.068815
-0.05139 -0.562995 5.56985
-1.351515 2.683595 3.601587
0.592517 0.695752 5.389965
1.676239 2.016746 1.820984
-0.558839 2.648939 1.461126
-0.100413 -2.557144 3.281839
2.077387 0.846818 1.942589
-0.838878 1.650888 5.126555
0.652046 0.150622 6.741189
0.209663 -0.17513 6.539376
2.350188 0.105869 4.119919
-0.71225 1.14015 5.1921
0.882056 2.722348 3.774766
0.297451 2.566561 1.737454
-2.728032 -0.185896 1.545977
0.419382 -0.111315 5.557374
1.307709 2.367896 1.906086
-1.246988 0.96378 0.093325
-0.633357 -2.486662 3.902313
1.268811 -1.496003 4.253162
1.909284 -1.166193 2.573219
1.93301 -0.969851 2.155719
0.1424 2.55415 4.679
0.772312 -0.083321 5.127966
0.183697 -0.074303 6.611403
0.552678 -0.133381 6.425968
1.928941 -0.925499 2.065243
1.811869 2.196775 3.433089
-0.542278 -0.747719 5.284146
1.902518 -0.461305 1.497936
0.590138 -0.061514 6.391669
