0.3021 1.5407 0.015
1.758954 1.651389 0.675101
1.306061 1.172829 0.234438
0.694978 0.912129 5.329013
0.647217 1.026617 5.309739
0.3737 0.8323 5.3643
2.614055 1.07666 4.656019
2.784761 1.358437 4.16834
2.685379 1.447991 4.609736
-1.0067 -1.810992 1.375359
-1.406296 -1.7785 1.668779
-1.657698 -1.570409 1.605999
-2.489233 0.046756 2.92139
-2.487069 0.357542 3.763533
-2.462265 0.622472 3.928241
-0.305079 2.70026 1.634696
-0.209091 2.679877 1.571499
-0.24185 2.686835 1.593068
1.056975 -0.727049 0.12521
0.94364 -0.459629 0.013454
1.341797 -0.27799 0.136121
2.977427 -0.532209 3.70625
3.014183 -0.177641 3.659511
3.01003 -0.209994 3.732864
0.261279 0.71533 5.490264
0.351367 0.560556 5.587163
0.37314 0.829273 5.370571
1.1293 -0.183431 5.251248
0.963378 -0.287251 5.28817
1.096375 -0.206152 5.172459
-0.4246 2.948131 3.177327
0.060191 2.975405 3.606381
-0.10753 2.969198 3.198972
1.965639 2.37504 2.223562
2.220716 2.247155 2.814736
2.191236 2.188162 2.448709
-0.655438 -2.548724 3.27596
0.19616 -2.529041 3.366738
-0.573184 -2.560737 3.510513
-0.187293 0.353432 5.331068
-0.115767 0.317431 5.467275
-0.131636 0.306888 5.463952
0.085351 0.604962 0.006813
0.727012 0.879972 0.01299
0.402143 -0.132915 0.008742
-2.29336 -0.706844 2.035874
-2.103828 -0.722728 1.454699
-2.06859 -1.151509 1.795881
0.610107 -2.387295 2.725588
0.603599 -2.429897 2.882983
0.682835 -2.384201 2.764874
2.098664 -1.008081 1.783887
2.2407 -0.9477 1.98815
2.166481 -1.122933 2.169289
-2.182198 1.488478 3.058118
-2.134458 1.555843 2.94754
-2.1897 1.477894 3.075493
-0.592368 2.90554 3.724334
-0.379963 2.940889 3.805527
-0.510124 2.933172 3.636037
-1.861197 0.56595 0.859912
-1.739684 0.448223 0.705251
-1.975614 0.614419 1.050879
-1.8681 1.775 2.12015
-1.825035 1.850475 2.369651
-1.637784 1.990328 2.006523
0.603661 -0.429464 5.820725
0.516908 -0.408881 5.905613
0.428301 -0.483712 5.637322
0.140149 -0.404835 5.580276
0.014829 -0.207015 5.63616
-0.151214 -0.404075 5.435798
2.312474 1.356673 1.663075
2.307613 1.28643 1.621193
2.02162 1.579525 1.141048
2.924757 -0.411666 2.925603
2.712862 -0.848328 2.922367
2.841392 -0.447103 2.638589
-1.063211 -1.751601 5.296833
-1.490142 -1.495112 5.226009
-1.403795 -1.819896 5.115925
-2.473 0.3076 3.9579
-2.387361 -0.374116 4.118145
-2.34745 -0.111019 4.342706
1.272196 2.839405 3.470254
0.852858 2.894127 3.483819
1.37815 2.77405 4.1225
1.48465 2.42805 4.9624
1.546476 2.104936 5.27526
1.623591 2.574549 4.644384
0.721111 0.351986 5.662193
1.007561 0.568296 5.471866
1.028134 0.694991 5.413554
1.36015 0.810852 5.397332
1.230533 0.573111 5.277846
1.114425 0.407332 5.258295
0.295795 -1.059895 0.241081
0.101061 -1.045787 0.269682
-0.226806 -0.593593 0.040842
1.160364 -2.249751 2.739665
1.391661 -2.059595 2.480837
1.377517 -2.157488 2.728951
-1.284412 1.619408 4.790829
-1.386911 1.539703 4.876388
-1.5859 1.401547 5.021202
-0.912634 2.757661 3.449163
-0.839508 2.801633 3.59595
-0.678039 2.872732 3.524429
-1.148134 2.546284 2.897941
-1.072988 2.623052 3.074902
-1.195163 2.498237 2.787188
-1.039435 2.614852 2.559052
-0.919229 2.668929 2.407737
-1.164454 2.496821 2.50443
2.60418 0.379106 1.809016
2.402228 0.410995 1.351565
2.51863 0.474097 1.645882
2.027793 0.048136 0.696282
1.831782 0.267623 0.429215
2.19372 0.2216 0.914676
2.831881 0.344798 2.49146
2.843072 0.24728 2.480009
2.777007 0.469297 2.359876
2.734939 1.029787 2.670089
2.775872 1.432082 3.416352
2.846055 0.900762 3.157656
0.555065 -0.519191 5.536742
0.749262 -0.437182 5.49318
0.813865 -0.303069 5.753117
1.031431 -2.199874 4.471698
1.177532 -2.055367 4.568478
0.671063 -1.843011 4.765186
0.226697 2.915214 2.692687
0.418281 2.797916 2.20917
0.156935 2.828349 2.18223
1.981724 2.348148 2.177532
1.845209 2.431969 2.125423
1.898985 2.429715 2.28105
-1.449366 2.094967 1.608217
-1.141857 2.413836 1.806634
-1.149058 2.387341 1.718083
0.984902 0.933976 0.015399
-2.412144 -0.81461 2.693774
-2.266644 -0.810742 2.043911
-2.2199 -1.2886 2.5876
-1.583124 -2.210993 4.059954
-1.417572 -2.330727 3.893042
-1.291972 -2.389656 4.133215
-0.693919 -1.00292 0.174284
-0.498869 -1.096499 0.315263
-0.801674 -1.232352 0.410377
-0.602374 0.227278 0.000776
-0.7764 0.3178 0.00275
-0.618818 0.311215 0.00045
0.956468 0.236771 5.534649
0.891145 0.196994 5.588251
1.103221 0.000508 5.412707
0.980071 -0.06777 5.503348
0.973335 -0.071505 5.508307
0.88755 -0.1819 5.59005
2.10204 -1.488758 3.030511
1.84729 -1.815042 2.741231
1.795029 -1.856601 2.682411
2.025629 -1.124922 4.335986
2.078984 -0.886569 4.545584
2.025706 -0.9405 4.52222
0.053287 0.235042 5.704512
-0.162648 0.286284 5.457454
-0.286469 0.166372 5.401103
-2.417527 0.144957 4.210369
-2.2845 0.299381 4.648841
1.281456 2.637304 1.832401
1.291004 2.651286 1.904349
1.632279 2.602669 2.356163
-0.101632 2.505466 1.134258
0.344352 2.594517 1.559482
1.1019 2.5596 1.3928
0.487213 -0.169614 6.395954
0.73792 -0.320072 6.173806
0.698093 -0.16595 6.456681
0.785297 0.354155 6.269869
0.843255 0.359749 6.300356
0.8614 0.3615 6.3099
-2.119262 1.525495 4.307569
-2.11823 1.230388 4.783194
-1.910119 1.62467 4.445508
-1.537333 2.141275 2.977698
-1.546269 2.125031 3.10834
-1.551395 2.115713 3.183272
-0.183746 -1.00648 5.285506
-0.003933 -0.603813 5.328825
0.049188 -0.624538 5.314795
0.359343 -0.70455 5.246916
0.2938 -0.73115 5.16415
0.390153 -1.067082 5.063998
0.807467 -1.701914 1.175391
1.184845 -1.83886 1.7148
1.238281 -1.891485 1.885202
1.8443 -1.02 1.2973
2.17745 -0.914 1.7758
-2.137936 -0.246673 1.390756
-2.229143 -0.379737 1.646548
-2.267866 -0.257693 1.751157
-2.203572 1.260011 2.253589
-2.291883 1.080109 2.542449
-2.159686 1.330335 2.109871
-1.3527 -0.379 0.0196
-1.303488 -0.333819 0.018329
-1.345063 -0.071498 0.034003
-1.941376 0.264921 1.013983
-1.977203 0.229508 1.077685
-1.711511 0.137398 0.654018
1.45875 -0.2219 4.97365
1.197016 -0.204764 5.088159
1.332093 -0.316153 4.987
1.353 0.3875 5.1633
1.207246 0.181588 5.145136
1.73116 0.324022 5.025504
1.987665 -1.731267 3.145233
1.942407 -1.889957 3.462045
2.094377 -1.5156 3.072551
1.047691 -2.335706 4.277537
1.277469 -2.407995 3.963104
1.400108 -2.235671 4.299831
-0.133809 -0.00053 5.577796
-0.024859 -0.184514 5.619937
-0.223096 -0.014673 5.495737
0.054586 0.160566 5.756388
0.134043 0.302043 5.738704
0.214907 0.301927 5.824782
0.470096 2.254874 5.008685
0.756 2.4779 4.7478
0.208273 2.361413 4.985154
1.268802 2.839886 3.475107
0.58147 2.927813 3.3283
-0.805817 2.716978 2.276015
-0.968999 2.646539 2.470388
-0.641099 2.835992 2.621452
-0.352634 2.926983 2.850742
-0.703059 2.841854 2.925721
1.128041 2.72525 2.124159
0.956156 2.719793 2.021323
1.090454 2.75602 2.284992
1.24216 2.841859 3.387423
1.642002 2.707167 3.647113
1.530679 2.726876 3.15631
1.031037 0.712863 5.405331
0.804265 1.445287 5.283643
0.703549 0.654894 5.479584
0.759061 0.706497 5.411083
-0.039996 2.595763 4.828207
0.057612 2.812348 4.435925
-0.395828 2.753623 4.541276
-1.0101 2.192263 4.756135
-0.940253 2.402792 4.696752
-1.184836 2.109401 4.528819
2.688149 -0.76571 2.656639
2.705516 -0.663877 2.545989
2.099396 -1.511879 3.560597
2.116688 -1.489854 3.107554
0.499482 -2.052773 1.770785
0.465525 -1.727285 1.105524
0.888821 -1.945621 1.744322
-1.042243 -2.25661 2.461704
-0.733933 -2.0435 1.696253
-0.209356 -2.263787 2.108732
1.929771 2.526747 3.858993
2.311004 2.207412 3.681364
2.144104 2.379984 3.455288
2.792061 1.402286 4.043765
2.691116 1.690359 3.426684
2.75691 1.598873 3.743809
2.644523 1.582286 2.885618
2.512826 1.53815 2.327223
2.461687 1.68741 2.322446
2.228936 1.802531 1.74747
2.339317 1.534989 1.836164
2.319725 1.46147 1.72556
-1.245806 -0.227853 5.206731
-0.479 -0.0372 5.2826
-1.286449 -0.123224 5.211866
-0.440871 -1.064594 5.328382
-0.347579 -0.678099 5.337461
-0.552183 -0.981075 5.318252
-1.198782 2.117199 1.095465
-1.202334 2.275582 1.492775
-1.274881 1.942506 0.870396
-1.677498 0.863656 0.612518
-1.741731 1.005769 0.704677
-1.645458 1.04346 0.591045
0.661188 -0.702973 5.200597
0.633168 -0.64917 5.295972
0.613307 -0.619556 5.343463
0.76917 -0.647157 5.056511
0.512849 -0.960682 5.053693
1.127228 -0.893478 4.943647
0.591745 -1.407659 0.619646
0.51547 -1.304443 0.478836
0.822493 -1.317622 0.561721
1.710063 -0.54213 0.608431
1.839179 -0.215806 0.568663
2.0111 -0.626 1.0578
2.717233 -0.311369 2.17218
2.565895 -0.660875 2.185244
2.588327 -0.437782 1.974964
2.441759 0.416679 1.437518
2.524309 0.238421 1.567231
2.47623 0.283773 1.476372
2.881835 0.527899 3.852887
2.867293 0.848176 3.632138
2.860198 0.571999 3.89309
1.615773 -0.032512 4.976562
2.176634 -0.326098 4.764358
1.503887 -0.045951 5.005071
-1.566949 2.087436 3.410677
-1.774327 1.906665 3.485957
-1.579904 2.051389 3.609728
-1.115526 2.527365 3.946523
-1.264434 2.400294 3.655074
-1.283102 2.342573 3.819923
2.210039 2.146951 4.546487
2.236051 2.191729 4.333299
2.247194 2.120163 4.526196
2.394454 2.101385 3.96747
1.202417 0.350557 6.598317
1.174627 0.372703 6.470214
1.069405 0.51015 6.560885
0.7173 0.474087 6.596163
0.346916 0.247093 6.30701
0.72445 0.4525 6.623
-1.046303 1.26147 5.10103
-1.335214 1.166893 5.202146
-1.514802 -0.080914 5.169286
-1.528325 -0.566737 5.158731
-1.837184 -0.06949 5.032628
-0.308731 -2.504243 3.968415
-0.779341 -2.533454 4.200371
-0.8814 -2.5616 3.8096
0.9064 -1.8323 4.7458
0.190913 -1.863951 4.806229
0.574189 -2.075434 4.625118
-1.99868 1.261024 1.333678
-2.282492 0.431017 1.873212
-2.074536 1.130366 1.450245
-2.2939 1.1426 2.6728
-2.289029 0.709654 2.08392
-2.360738 0.727449 2.509964
-2.484668 0.123668 2.938344
-2.482247 0.164468 2.947337
-2.502115 -0.057331 3.096271
-2.392202 0.159458 2.250538
-2.355447 0.640618 2.344162
-2.351808 0.595866 2.283576
-2.288141 -0.607592 4.36298
-2.431036 -0.456299 3.949226
-2.299681 -1.322084 3.127814
-2.055703 -1.735068 3.17971
-2.102338 -1.663502 3.196035
0.435384 2.881747 2.629447
0.355086 2.922006 2.861231
0.372 2.915 2.8199
0.472798 2.916738 2.902345
0.324534 2.940321 2.985804
0.331305 2.939139 2.97809
0.47465 0.35945 6.34665
0.136903 0.147465 5.918485
0.27155 0.2313 6.1471
0.060587 2.191613 5.088423
-0.393947 2.663953 4.698389
-0.557219 2.230803 5.047518
0.050734 0.8626 5.276491
0.195553 0.784311 5.360766
0.1908 0.8012 5.30955
1.614431 0.974907 0.493351
2.1519 0.530997 0.946091
2.195383 0.637833 1.073133
2.295493 0.40379 1.141285
-0.614035 -2.382394 2.501152
-0.996081 -2.408961 2.917117
-1.93983 -1.868796 3.121093
-1.619154 -2.192907 3.532588
-1.893557 -1.969917 3.656621
0.867588 -0.163196 6.441379
0.814075 -0.277626 6.20298
0.814804 -0.036973 6.602329
0.749078 0.150087 5.964781
0.64931 0.201556 5.857746
0.692516 0.179683 5.799914
2.637686 0.593696 2.008435
2.635371 0.595457 2.002567
2.606554 1.334072 2.472513
2.659743 0.531213 2.043491
2.714288 0.535424 2.20258
2.194303 -1.160463 2.333022
2.668407 -0.830667 2.745675
2.683234 -0.839979 2.808636
2.107311 -1.234518 2.250591
2.147062 -1.16868 2.216469
2.295987 -1.142722 2.583811
2.86728 0.758222 3.114259
2.90533 0.579612 3.172054
2.856815 0.817151 3.115639
2.75638 0.962068 2.702107
-1.536995 2.141891 2.972752
-1.94788 1.7709 3.018064
-1.862669 1.830814 2.573356
-1.82753 1.850005 2.390795
-1.965846 1.699039 2.272085
0.098342 -0.928321 0.185184
-0.228477 -0.596893 0.042171
0.213999 -0.827594 0.105461
-0.605348 -0.139857 0.003315
-0.803121 -0.115898 -0.000163
-0.762117 -0.029095 -0.000089
1.105544 2.678684 1.878671
1.159899 2.638587 1.735259
1.018211 2.672117 1.855376
0.392239 2.694571 1.812503
0.41007 2.760372 2.034443
0.397658 2.714566 1.879949
-1.076237 2.211613 1.108345
-1.054446 2.229393 1.118652
-0.943041 2.320293 1.171351
-0.705431 2.511939 1.332839
-0.6109 2.69545 1.8203
-0.50385 2.70835 1.7379
-2.390957 -0.449519 2.280505
-2.226601 0.373458 1.658293
-2.29075 0.032951 1.822738
-2.242624 0.396537 1.72444
1.631652 -0.866004 4.709939
1.923505 -0.589179 4.770323
1.626771 -0.595607 4.840222
1.040815 -0.7653 4.989765
1.3392 -1.2079 4.8305
1.104522 -0.859798 4.955761
-2.446298 0.73176 3.908034
-2.351061 0.828903 4.478003
-2.460478 0.657481 3.924463
-2.286924 1.264071 3.221578
-2.368948 1.066915 3.353486
-2.178064 1.518583 3.276425
0.663425 1.30576 5.280414
0.649825 1.282575 5.281215
0.626965 1.075162 5.301568
1.339869 2.004729 5.323473
1.289484 2.141004 5.210209
1.101176 1.804074 5.318402
-1.963509 1.325126 1.286653
-2.074233 1.427526 1.817404
-2.032526 1.409293 1.624352
-1.782982 1.256248 0.859029
-1.66617 1.385264 0.734079
-1.496695 1.548859 0.63354
2.719051 -0.308474 2.175972
2.77693 -0.257876 2.325149
2.678815 -0.495652 2.250914
2.617528 0.50997 1.910095
2.5666 0.2873 1.6824
1.074706 -0.216792 5.295808
0.0666 -1.04185 0.2737
-0.254414 -1.235573 0.493896
0.06289 -2.085506 1.726732
2.7683 -0.8878 3.2354
2.67558 -0.981575 3.293012
2.726563 -0.865068 3.017451
2.658127 -0.99812 3.914994
2.459461 -1.059693 4.159797
2.618075 -1.06794 3.643574
1.049076 0.515091 5.411896
0.997207 0.504534 5.501217
1.071276 0.328733 5.446368
1.381345 1.789597 5.407881
0.820748 1.595963 5.259311
1.106139 1.482819 5.383025
-1.251453 -2.264443 4.603149
-1.8074 -2.0016 4.2655
0.188484 -0.675608 5.249762
0.143343 -0.660658 5.284632
0.016051 -0.767469 5.274663
0.012579 0.427952 5.485893
0.08172 0.236437 5.754195
0.177703 0.363863 5.688597
-0.027505 0.381429 5.484007
0.790792 -0.574839 0.017638
0.932867 -0.70218 0.072234
0.664559 -0.976586 0.177533
0.91632 -0.921602 0.193027
0.828991 -1.06809 0.296768
2.29971 1.918803 2.203876
2.281888 1.921505 2.147108
1.987906 2.265662 1.961345
1.658534 2.29732 1.28163
-0.460289 2.930051 3.859123
-0.397549 2.936121 3.874071
-0.458085 2.929361 3.864829
0.020849 2.825633 4.409318
0.176838 2.895535 4.129307
0.744349 2.877227 3.72668
2.495106 -0.598989 4.524571
2.556614 -0.749418 4.406975
2.841623 -0.455351 4.208416
2.182611 0.437466 4.860322
2.337857 0.514188 4.792842
2.3701 -0.1978 4.7038
-1.942539 1.683647 4.191052
-1.599869 1.852933 4.196588
-1.622878 1.895527 4.081494
-0.980182 1.931086 4.900608
1.553667 -1.973293 2.474395
1.722208 -1.950168 2.731087
1.634759 -1.61989 1.888237
1.444783 -1.583498 1.472221
1.48053 -1.592785 1.552229
-0.805248 -0.997409 5.332436
-1.384463 -0.513527 5.203362
-1.102461 -0.592364 5.255984
2.753874 1.560075 4.032289
2.662882 1.774322 4.051554
2.646654 1.71148 4.424075
1.998673 1.599038 5.325466
2.27176 1.721296 5.023697
2.273098 1.930402 4.817881
2.270388 -0.289315 1.217611
2.01194 -0.522624 0.980245
2.399516 0.020501 1.316239
2.464323 -0.246963 1.559929
2.277235 -0.276977 1.219822
2.465558 0.035945 1.434182
-1.221008 -0.768347 0.106659
-1.278207 -0.443685 0.018553
-1.072646 -0.61016 0.026789
-2.040732 0.19337 1.188978
-2.027957 0.033437 1.153359
1.503475 2.513204 4.852145
1.553486 2.656962 4.483143
0.302217 2.672595 4.619778
0.446832 2.740814 4.414627
0.314725 2.678495 4.602034
-1.221236 0.303952 5.224064
-1.338579 0.166218 5.223795
-1.008036 0.554199 5.224556
-0.277212 0.517139 5.30219
-0.017053 0.795294 5.276492
-0.445362 0.579615 5.279743
0.149857 -0.021475 0.006595
0.136961 -0.015779 0.006485
-0.551165 0.38492 0.003191
0.398707 -0.640608 0.048249
0.418793 -0.707271 0.049209
0.213109 -0.63736 0.059432
-1.200207 2.493523 2.88935
-1.403813 2.268027 2.572388
-1.541963 2.137956 2.94992
-1.275545 2.402621 2.617984
-1.230206 2.457006 2.712741
-1.221755 2.467145 2.730407
-2.276551 1.371382 3.681008
-2.380595 1.081865 3.661883
-2.372298 1.119772 3.810879
-1.971166 1.729445 3.824906
-1.700748 1.916788 3.87322
-1.628194 1.977362 3.817064
2.425551 1.927285 2.720958
2.658449 1.627466 3.070164
2.502825 1.74778 2.585383
2.595095 1.859311 3.577238
2.656423 1.790624 3.882504
-2.027266 -1.731887 4.292946
-2.069862 -1.713214 4.169752
-1.236726 2.226244 1.436053
-1.504366 2.03932 1.580435
-1.921091 1.46261 1.328243
-1.788694 1.570882 1.116107
-1.865569 1.331393 1.058073
-2.415816 -1.098472 3.675575
-2.339186 -1.311347 3.434996
-2.344839 -1.309829 3.569412
-2.472286 -0.314252 2.688646
-2.508815 -0.214 3.182467
-0.143438 -0.177702 5.5206
-0.302172 -0.36084 5.338519
-0.498321 -1.021488 5.323154
-0.264212 -0.453923 5.364665
-0.870947 -1.920924 1.515482
-0.344655 -1.589565 0.886461
-0.239931 -1.810028 1.203159
-0.443688 -1.575299 0.869665
-0.837598 2.673637 2.126393
-0.686161 2.75295 2.191849
-0.563651 2.72193 1.867358
0.111198 2.711299 1.743151
-0.029599 2.744149 1.804078
0.042895 2.724533 1.748289
0.937849 0.26604 6.759377
0.964665 0.407709 6.772786
0.8513 0.2374 6.7141
0.4594 0.13 6.49935
0.482614 -0.149802 6.401995
0.711289 0.049485 6.642003
0.660089 -0.708241 5.186921
0.475347 -0.745156 5.187364
0.550291 -0.791069 5.10894
1.090806 -1.839579 4.713174
0.801139 -1.476441 4.879189
1.711785 2.669177 3.511304
1.95859 2.384886 2.239181
1.127224 0.113394 6.419868
1.201742 0.284903 6.476418
1.093101 0.039236 6.537496
1.03367 0.12103 6.2714
0.897659 0.073616 6.079242
0.7713 0.13865 5.9819
2.621807 0.616774 1.977146
2.528901 0.486225 1.677693
2.712077 0.537105 2.19698
2.59745 1.3539 2.4584
-2.2103 0.46 1.6165
-2.225388 0.379909 1.655179
-2.260389 0.361658 1.783765
-2.094439 0.86425 1.376164
-2.04722 0.773864 1.24214
-2.20215 0.63225 1.6598
-1.326203 1.057246 0.322326
-1.329294 1.321284 0.394272
-1.252925 1.141806 0.289913
-1.0861 1.22005 0.24095
0.758479 0.618537 5.507424
0.747005 0.573278 5.541069
0.8949 0.66085 5.4624
0.602063 0.278465 5.781762
0.699709 0.434971 5.626436
0.424511 0.42739 5.693687
0.642251 -0.662712 5.274257
0.749275 -0.437414 5.492581
0.830086 -0.401745 5.372273
1.120648 -0.189401 5.230544
0.797836 -0.435135 5.373154
-1.551882 0.857781 0.47699
-1.596009 0.894872 0.523392
-1.435333 0.049059 0.215482
-1.458709 0.044266 0.247755
-1.705283 0.113147 0.637703
1.1363 -0.1786 5.268
1.147102 -0.125084 5.312809
1.064011 -0.158862 5.382736
1.513651 -0.103421 4.987248
1.239009 0.101061 5.161456
1.241618 0.057383 5.163857
-0.854246 2.788069 3.338048
-0.711831 2.849288 3.069939
-0.720949 2.857015 3.219837
-0.358016 2.827926 4.348658
-1.191902 2.103941 4.521617
-1.076027 2.386296 4.482677
-1.105891 2.486068 4.163151
1.093852 0.306678 5.419452
1.139561 0.270841 5.361722
1.115584 0.289639 5.392001
0.760373 0.37011 5.640734
-1.525215 2.103132 2.096176
-1.576695 2.104488 2.901681
-1.389196 2.28418 2.587004
-1.551154 2.114401 2.481175
-1.470508 2.168757 2.210515
-1.645435 1.896603 1.509184
-1.92211 -0.924116 4.946115
-2.128624 -0.429426 4.668468
-2.201798 -0.571373 4.513913
-2.240449 -0.767435 4.473995
-2.09586 -0.659094 4.711873
1.780695 -1.982002 2.952552
2.043203 -1.578898 3.003269
1.050645 -2.354707 2.959077
-1.09664 -1.242867 0.512076
-0.873024 -1.588955 0.910393
-1.438415 -1.38138 0.994449
-1.988114 -0.989298 1.396049
-0.235705 1.232288 5.185885
-0.342825 1.303559 5.164828
-0.640913 1.199316 5.146605
0.010194 0.979521 5.248801
0.331425 -0.669048 5.316218
0.285287 -0.359971 5.770761
0.321042 -0.529554 5.512561
0.686125 2.759488 2.172065
0.822867 2.732137 2.073682
0.621388 2.767635 2.198214
0.853183 2.823185 2.486676
0.803202 2.828443 2.524306
1.551565 -1.289575 1.156155
1.392599 -1.204028 0.805602
1.56313 -1.15305 0.992801
1.19985 -1.031635 0.435051
1.460113 -0.993827 0.669622
1.298662 -1.15086 0.653704
0.928657 -0.100342 5.542399
0.847689 -0.159013 5.804721
1.009976 -0.043983 6.229599
0.8728 -0.2077 6.02165
1.012992 0.936004 5.372151
1.048948 0.886984 5.387208
1.235641 1.292181 5.420779
1.786528 1.070244 5.424191
1.37257 0.829205 5.403995
1.974682 0.955671 5.304967
-0.476963 -0.035738 5.283424
-0.427393 -0.088982 5.297586
-0.226158 -0.017731 5.491433
-0.326734 0.225679 5.331804
-0.392975 0.024507 5.317253
-0.147403 2.666782 1.530887
0.232623 2.687777 1.734017
-2.468775 0.391447 2.997368
-2.405518 0.564892 2.655007
-2.289801 1.147924 2.653786
-0.239821 -2.283369 4.493383
-0.097334 -2.334239 4.32739
-0.200608 -2.236577 4.532447
-0.455291 -2.154655 4.808165
-0.529886 -1.892756 5.089101
-0.912286 -2.058119 5.007961
0.225004 2.966045 3.3794
0.048711 2.964816 3.213933
0.762951 2.895536 3.621037
0.4081 2.8578 4.11325
0.749012 2.881818 3.700206
2.2785 1.7887 1.8626
2.264895 2.025943 2.306397
0.225344 -0.528804 5.483031
0.247876 -0.478727 5.538524
-0.0757 -0.3653 5.494
0.038484 -0.131439 5.739682
0.093416 -0.084708 5.857612
0.02118 -0.034995 5.76181
-0.039833 1.101971 5.224398
0.696257 1.361731 5.278472
-0.153543 1.823657 5.140543
0.588208 1.168066 5.285929
-1.782808 -1.953984 2.86157
-1.664452 -2.048822 2.849344
-1.901521 -1.865033 2.9091
-1.796 -1.6353 1.98005
2.773101 0.248698 2.24414
2.683153 0.241929 1.996833
2.616998 0.504799 1.9061
2.880394 0.007253 2.560484
2.941007 -0.313176 2.91799
2.878923 0.08293 2.56986
0.529819 0.580709 5.55796
0.385072 0.499194 5.636245
0.393709 0.483471 5.648829
0.301217 0.646714 5.533222
0.2665 0.593162 5.540251
0.393694 0.565291 5.580268
1.104722 0.085432 6.623842
1.043306 0.076664 6.647791
1.087388 0.062437 6.607954
0.92655 0.10765 6.7153
0.9917 0.2074 6.7613
0.931917 0.243284 6.756371
1.650292 -1.64074 4.568541
1.437647 -1.725751 4.672432
1.524761 -1.940138 4.527457
-2.017375 1.553124 1.890624
-2.019412 1.491541 1.73145
-2.095834 1.491737 2.167568
2.994024 0.126383 3.235074
2.880662 -0.016854 2.565107
2.966607 -0.200873 3.017543
2.943134 -0.303843 2.926263
1.807029 0.007391 0.453234
1.947858 0.124005 0.584072
1.830015 0.269808 0.426858
1.030675 -0.161209 0.005773
0.555491 -2.380761 2.685348
0.308916 -2.406326 2.70955
0.677278 -2.354424 2.657045
0.144197 -2.21726 2.050594
-0.189361 -2.457991 2.758459
0.070824 -2.189162 1.95879
0.842625 0.185846 5.636778
0.672734 0.29911 5.702883
0.638828 0.20683 5.87985
0.710595 0.253178 6.115206
0.820572 0.217426 6.166116
2.185668 0.613963 1.044749
2.302769 1.220812 1.581551
2.263074 0.974867 1.375064
-0.717965 -1.493571 5.383776
-0.510479 -1.381714 5.341356
-0.304267 -1.139528 5.303399
-0.064913 -0.959264 5.266542
-0.227398 -1.453067 5.204033
-0.451303 2.110651 0.523891
-0.782961 2.461357 1.277512
-0.747644 2.478676 1.286758
-1.164545 0.333776 0.124455
-1.213999 0.308111 0.15296
-1.067043 0.384373 0.068257
-1.2407 0.1159 0.0249
-0.93957 0.000298 0.008928
-2.128254 0.203728 4.85813
-2.262819 0.507726 4.731879
-1.820469 1.482298 4.837184
-1.46322 2.199595 3.506009
-1.122288 2.573255 3.585476
-1.049848 2.645954 3.508436
-1.029944 2.666854 3.264558
-2.36622 0.440159 2.271788
-2.3725 0.3723 2.26665
-2.49155 -0.395277 2.886733
-2.489986 -0.653726 3.18461
-2.496804 -0.371476 2.942959
-1.614988 -1.076612 0.823902
-1.479544 -1.088514 0.662137
-1.753181 -1.270944 1.280885
-1.505872 -0.764208 0.378135
-1.147794 -1.114744 0.390896
-0.30599 2.909413 2.606375
-0.132205 2.848509 2.25268
-0.348731 2.803483 2.042633
-0.376924 2.932762 2.945795
-0.232849 2.913262 2.629321
1.643992 2.623998 2.543366
1.523949 2.702566 2.749968
1.627707 2.637245 2.588006
1.368289 2.736777 2.583751
1.415651 2.641783 2.078875
1.229277 2.747942 2.388879
0.855715 1.675434 5.246594
0.986709 1.856787 5.23694
0.851137 1.66503 5.248265
0.646109 2.472338 4.781824
0.776416 2.507123 4.701142
0.516912 -2.454809 2.962511
-0.186208 -2.539174 3.483228
-1.173667 1.22205 5.146071
-0.868403 0.718093 5.22487
1.967299 -1.573424 2.670955
1.747718 -1.712508 2.286397
1.608773 -1.430669 1.481794
1.59877 -1.413511 1.430829
-1.439125 1.920454 1.074948
-1.441186 1.776152 0.821543
-1.348117 2.066436 1.252329
-1.331342 2.090505 1.279999
-1.732412 1.726633 1.247752
-1.418706 1.965168 1.135905
1.030656 0.710521 5.406407
1.05775 0.77425 5.39865
0.907679 0.723909 5.428575
0.8949 0.66085 5.4624
0.758521 0.625077 5.500256
0.758838 0.672657 5.448151
-0.41798 1.565817 5.131626
-0.326053 1.691339 5.133496
-0.085985 1.814908 5.145379
-0.795937 1.123659 5.173512
-0.538543 1.427613 5.126076
-0.666981 1.463743 5.09866
2.871443 0.626563 2.917531
2.806006 0.805331 2.776215
2.763783 0.938682 2.713163
2.492203 0.571714 4.636772
2.463203 0.506436 4.664053
2.807104 0.505533 4.112953
2.37944 0.918392 4.898886
2.571115 0.674684 4.55128
2.645152 0.918139 4.449839
1.903009 2.156205 1.477243
2.096269 2.081818 1.853736
1.90026 2.18191 1.518823
1.348941 2.592709 1.769766
1.275289 2.628273 1.785927
1.580702 2.488678 1.72189
2.356884 1.3907 1.771462
2.436783 1.157291 1.833494
2.352223 1.404321 1.767843
2.282136 1.092182 1.47376
2.30814 1.294035 1.625728
2.302504 1.217526 1.57921
1.1175 0.4185 6.7689
0.926294 0.515629 6.724253
0.926941 0.518017 6.428677
0.496426 0.359618 6.27336
0.93251 0.545242 6.47787
0.511592 -1.134179 0.317131
0.62063 -0.933922 0.144043
0.28065 -0.80025 0.0917
1.126154 2.611739 4.576482
1.096634 2.571952 4.660797
1.0048 2.4655 4.7796
0.661556 2.816445 4.095654
0.761126 2.828865 3.999349
1.060069 -2.477036 3.781139
1.079689 -2.454179 3.395994
1.393515 -2.313141 3.264977
1.19407 -2.444182 3.616331
-2.308535 -1.306775 3.125074
-2.32314 -1.360782 3.536789
-2.488985 -0.663781 3.190298
0.494985 2.851628 2.522698
0.76731 2.872138 2.767712
1.069721 2.799784 2.576674
1.144178 2.84416 3.05441
2.57105 -1.03485 3.119
2.401398 -1.209043 3.462303
2.206716 -1.373442 3.078403
2.111991 -1.428328 2.781003
2.355 -1.132426 2.729358
2.699219 -0.9888 3.717917
2.398532 -1.212785 3.476377
2.241058 -1.347009 3.347713
1.744566 2.590369 4.398679
1.711752 2.65832 4.091729
1.492525 2.743086 4.191694
2.137666 2.32825 4.15486
2.096477 2.364202 4.139293
2.177184 2.337108 3.835011
1.225909 -0.048855 5.259844
1.182991 -0.130548 5.260603
1.777403 -1.406997 4.43841
1.3513 -1.4211 4.7937
1.210658 -1.017231 4.89911
-2.467789 0.65362 3.664716
-2.461951 0.653691 3.895638
1.404454 0.239688 5.109341
1.370399 0.33752 5.145055
1.207939 0.180153 5.143962
1.170912 0.247065 5.258595
-0.016747 0.171917 5.651578
0.052079 0.233953 5.703596
-0.147771 0.296168 5.460572
-0.058328 0.011425 5.647164
-1.835936 1.698628 1.48086
-1.385024 2.013496 1.191463
1.745958 2.600663 2.785392
1.675294 2.645138 2.865278
2.109064 2.392955 3.165199
2.118972 2.383855 3.130992
1.996435 2.452756 2.795595
-2.41521 0.780332 3.037782
-2.4637 0.4769 3.0162
-2.376411 0.948879 2.97667
-2.421026 0.743931 3.035192
-2.4102 0.929236 3.444395
-2.391684 0.977196 3.291079
1.366973 -2.260126 2.994478
1.517107 -1.932253 2.309476
1.564748 -2.176389 3.01616
1.375243 -2.173219 2.768826
0.02849 -1.119129 5.186336
0.131776 -1.453665 5.039466
0.433413 -1.066595 5.052144
0.250253 -1.081303 5.10212
0.139547 -0.652769 5.300295
0.217655 -0.600697 5.389521
0.131992 -0.656846 5.292942
0.2652 -0.491704 5.53074
2.30342 2.118921 2.746518
2.496825 1.953485 3.233071
2.140866 2.381209 3.327371
-1.668536 -0.516469 0.456208
-1.633564 -0.46003 0.403011
-1.86615 -0.8835 1.02135
-1.677766 -0.045525 0.516228
-1.678639 0.096258 0.591647
0.144865 -0.437099 0.024221
-0.724944 0.049598 -0.000022
-0.655064 2.754526 2.130389
-0.822589 2.63312 1.896115
-1.12475 2.419403 1.776913
-1.128192 2.416641 1.774312
-1.139917 2.423985 1.852999
2.766897 1.461583 3.407322
2.791975 1.402763 4.043038
2.844246 0.937663 3.346582
2.832381 0.952562 3.741728
2.800557 0.976506 4.021077
2.675352 1.096754 4.473869
-2.155939 -1.296427 2.381098
-1.98735 -1.231597 1.722111
-2.041091 -1.38768 2.165918
-2.270586 -1.372425 3.137876
-2.142429 -1.411778 2.595487
0.697655 0.59972 5.530456
0.499866 0.800675 5.366263
0.513596 0.767204 5.415478
-0.301903 -1.761094 1.134417
-0.720372 -1.456194 0.713799
2.303461 1.226448 1.585428
2.302258 1.522299 1.717146
2.004607 2.099775 1.642179
0.450761 2.929488 3.042957
0.131973 2.957405 3.137966
0.154025 2.914902 2.682664
-0.013128 2.914196 2.659618
-0.125509 2.913716 2.64412
0.877642 2.732336 2.068197
0.990657 2.726963 2.068787
0.888847 2.662381 1.820866
1.019562 2.696174 1.942443
-0.000137 2.719768 1.713149
0.387989 2.66194 1.728078
0.396998 2.642594 1.687726
0.492477 2.654691 1.740795
0.980842 2.703253 1.968278
1.021684 2.695783 1.941025
0.326175 0.313573 5.878722
0.385145 0.321201 6.018904
0.502876 0.350476 6.240202
0.726199 0.474025 6.445148
0.587538 -0.581132 5.405084
0.328211 -0.53655 5.499298
0.61555 -0.6229 5.3381
0.579956 -0.569827 5.423218
-1.140185 -1.052433 0.317208
-0.666443 -0.796234 0.010414
-0.609442 -0.64537 0.006811
-0.607789 -0.441218 0.005399
-0.608074 -0.476474 0.005643
-0.757216 1.923334 0.46127
-1.084055 1.929053 0.664693
-1.568632 1.515016 0.690703
-1.448148 1.744565 0.775577
-1.529284 1.533526 0.659437
-1.942403 1.696156 4.139131
-1.942741 1.664701 4.269672
-1.620513 1.878621 4.126299
-2.164027 1.559293 3.756822
-2.188657 1.498465 4.052612
-1.983357 1.728515 3.634221
1.925389 2.083861 5.067822
2.062731 1.364584 5.34559
1.790112 1.240327 5.461443
-1.034667 2.6577 3.593259
-0.8947 2.735637 3.895628
-0.741894 2.722866 4.369822
-0.807775 2.77437 3.99139
-0.661714 2.83322 2.650334
-0.90858 2.735946 2.902425
-0.828021 -2.570145 3.920494
-1.443375 -2.207741 2.955242
0.298302 0.651723 5.530089
0.571779 0.585462 5.551086
-0.0237 0.75035 5.28325
-0.038842 0.370131 5.480842
0.095675 0.623062 5.363223
-1.282301 2.26619 4.008458
2.887297 -0.659709 3.146374
2.797258 -0.903336 3.528857
2.01529 0.734439 0.839943
2.11834 0.44854 0.848037
1.937862 0.650888 0.700756
1.983553 0.408337 0.629915
-0.503783 2.843879 2.357885
-0.383769 2.721769 1.710929
-0.349558 2.632058 1.449507
1.968 1.0705 0.9531
2.001219 0.980069 0.941631
2.282647 1.197166 1.535948
0.78258 1.509219 5.273187
0.7657 1.480112 5.27436
1.023793 1.132922 5.355034
0.902264 1.169696 5.328739
-2.408301 -0.44718 2.376809
-2.478976 -0.437648 2.769249
-2.366113 -0.13457 2.07216
-2.385952 -0.00549 2.17612
-2.427635 -0.124519 2.384006
0.9896 -0.0344 6.20635
1.157961 0.192834 6.409829
1.025233 -0.07335 6.418961
-1.645069 2.038594 2.806704
-2.09235 1.6194 2.97605
-1.90116 1.80508 2.79874
-1.865107 1.831455 2.629491
-1.777719 1.901457 3.550887
-1.935482 1.779968 2.959868
-2.131545 1.604463 3.612101
-1.812297 1.872377 3.5649
-1.771404 1.906767 3.548327
-1.902925 1.796158 3.601627
-1.201046 2.49339 3.077201
1.597674 -0.908234 4.69919
1.143136 -0.564794 4.979799
1.3392 -1.2079 4.8305
1.184875 -0.253675 5.043743
2.393762 -0.604095 1.713997
2.425057 -0.606481 1.778772
2.46981 -0.508499 1.778851
2.543438 -0.346267 1.785844
2.999469 0.06494 3.648501
3.010928 0.080879 3.552294
2.376089 -0.18656 4.701042
2.834166 0.074047 4.251365
-0.181957 -0.175489 5.488337
-0.302844 -0.191409 5.342021
-0.272608 -0.078031 5.418084
-1.058115 -0.775812 5.289577
-1.014625 -1.22488 5.353368
0.443941 -0.272053 6.193546
0.282057 -0.246746 6.021605
0.421047 -0.297892 6.124544
0.095347 -0.056049 5.889177
0.079636 -0.233137 5.686272
0.149384 -0.139821 5.897934
2.167755 -1.165095 2.267544
2.239277 -1.152617 2.443943
2.249364 -1.150858 2.468818
2.455107 -0.68496 1.949646
2.44925 -0.6031 1.8402
2.196702 -1.115256 2.218594
2.35185 0.2052 4.7542
2.197493 0.588641 4.904007
2.144565 0.873627 5.139611
0.571893 -2.076228 4.624262
0.959158 -2.398682 4.171584
0.779532 -2.487 3.919044
0.832389 -2.506669 3.635572
-1.450963 0.425622 0.38772
-1.442729 0.385149 0.380689
-1.483235 0.584255 0.415275
-1.253785 0.360807 0.197581
-1.402741 0.970349 0.358359
2.32083 1.477428 1.735075
2.516684 0.923874 1.895529
2.4744 1.0474 1.8627
2.437263 1.155881 1.833867
0.849737 -0.481869 5.091755
0.797343 -0.515034 5.152079
0.807712 -0.539091 5.081337
1.080104 -0.396709 5.032557
1.042126 -0.295435 5.064344
2.404229 -0.171533 1.388327
2.412227 0.070022 1.321707
2.969201 0.124237 3.016037
2.974234 0.101457 3.037263
2.955736 0.203605 2.977625
2.874 0.570611 2.861071
0.975349 -2.020085 1.981885
1.155456 -1.830226 1.662716
1.261132 -2.124054 2.511508
1.147009 -2.266408 2.7699
-0.206545 2.825465 4.391296
0.238643 2.703691 4.58964
2.780057 -0.157485 4.354973
1.940555 -0.523134 4.786501
1.133045 0.372144 6.409478
0.921852 0.179157 6.223919
-0.067734 1.812544 5.146686
-0.171093 2.174536 5.097339
-0.165638 2.174936 5.097124
0.410079 1.771228 5.175687
1.054554 2.85915 3.008105
0.8369 2.8616 2.7359
0.807143 2.898905 3.204323
0.978837 2.867297 2.980472
0.83808 2.859402 2.721629
-2.207406 -1.433256 4.36334
-2.392359 -0.902119 4.076229
-2.20288 -1.328967 4.501044
-1.975179 -1.334624 4.877416
1.237978 0.039806 5.222413
1.238556 0.054871 5.207135
1.240151 0.096438 5.164976
1.026802 0.412986 5.484527
1.027164 0.412303 5.484222
1.062886 0.398455 5.444405
1.040959 0.386164 5.472373
1.02324 0.284308 5.483108
1.32542 -0.699274 0.292591
1.329505 -0.677933 0.283283
1.461028 -0.508812 0.326365
1.639862 -0.762458 0.704954
2.317787 1.17425 5.152722
2.618646 1.217088 4.742306
0.875456 0.111269 5.627357
0.760145 0.129413 5.729943
0.905544 -0.105523 5.612967
0.701033 0.139162 5.842233
0.652256 0.190603 5.867846
0.907432 -0.055076 6.038795
2.198208 1.097948 1.344599
2.007781 0.902913 0.924051
-0.802736 1.720381 5.058815
-0.877638 2.094534 4.937356
-0.802852 1.837308 5.046761
-0.299838 1.727134 5.134029
-0.376114 1.622983 5.132478
1.013479 -1.109885 0.389004
1.265062 -1.704882 1.521795
2.365055 1.597181 1.971906
2.300548 1.916231 2.201415
2.3025 1.8615 2.0482
2.475496 1.635076 2.300102
-0.075758 -0.36533 5.493955
0.005149 -0.323785 5.556315
0.010158 -0.321213 5.560171
0.1257 -0.5248 5.4586
0.012684 -0.479605 5.472252
0.273024 -1.385419 0.585381
0.089108 -1.454543 0.676632
0.575845 -1.725636 1.120467
0.524941 -0.946466 5.053601
0.436335 -1.050645 5.054317
0.58841 -0.871844 5.053092
1.822661 2.590003 4.014177
1.609105 2.720009 3.931353
0.750669 -0.463554 5.424668
0.871683 -0.358678 5.371146
-2.049735 1.263643 4.85639
-2.211098 1.04699 4.742009
-2.03839 0.994982 5.00176
-1.707571 1.209659 5.132736
-1.822104 1.35343 4.993317
-1.895396 0.844859 5.114981
-0.952206 2.526044 1.745768
-1.953718 1.752365 2.782849
-1.866179 1.830673 2.634519
-2.163513 1.477856 2.693648
0.004757 0.942761 5.254322
0.066404 0.75381 5.298399
-1.929666 1.19161 1.088935
-1.843222 1.224831 0.946786
-1.900727 1.194841 1.030557
2.057344 -1.474279 3.826052
1.90774 -1.83991 4.022978
2.016955 -1.687086 3.704966
1.871177 -1.303789 4.297301
2.057826 -1.249608 4.164212
1.93982 -1.258122 4.249646
1.051719 -0.729393 0.123321
1.780092 0.175279 0.389019
-2.062195 -1.73295 3.20991
-1.839034 -2.005869 4.035186
0.627835 -2.337723 2.580533
-0.082768 -2.446938 2.747996
-1.212448 0.314266 5.22408
-0.272881 0.515529 5.302768
-0.462738 0.586071 5.277427
-0.3203 0.2556 5.3324
2.084601 -1.1354 2.006771
2.144499 -1.167314 2.207867
1.915981 -1.510638 2.31169
1.912121 -1.525747 2.330875
-0.862818 2.724365 4.076438
-0.985607 2.643863 4.088617
-0.99547 2.563736 4.328121
1.8843 -1.6346 2.4691
1.732394 -1.651183 2.130484
1.761412 -1.767306 2.425714
1.518046 -1.780683 1.981079
1.447182 -1.937005 2.223594
-1.529577 0.10683 5.191934
-1.486094 0.97332 5.217048
-1.262293 0.887672 5.219837
-1.274917 0.892503 5.219679
-0.072961 2.97667 3.564562
-0.154969 2.977456 3.538814
0.253943 2.926822 3.899443
-0.178116 2.954752 3.823888
-2.483623 -0.506716 3.605132
-2.510205 -0.04176 3.36594
-2.484454 -0.492382 3.598175
-2.493542 -0.33548 3.522023
-2.493757 -0.602944 3.178854
-2.503294 -0.167121 3.440312
-2.2039 0.13865 1.5728
-2.207906 0.339789 1.600153
2.458029 1.968962 4.281244
2.63154 1.823696 4.066229
2.6284 1.7682 4.3491
0.875218 -0.568631 0.016634
0.99053 -0.384928 0.011274
0.47476 -0.322544 0.008084
0.479333 -0.550898 0.039205
0.2548 -0.4368 0.0334
-1.920375 -0.825901 1.091684
-2.093299 -0.505536 1.310196
-1.976655 -0.528849 1.051216
2.15311 -0.500676 1.179741
1.916603 -0.734824 1.039739
-2.350824 0.606497 2.28438
-2.162748 1.012355 1.733851
-2.2103 0.46 1.6165
2.916674 -0.600829 3.933116
2.862769 -0.796667 3.821169
0.179606 -0.626063 5.346053
0.265607 -0.568729 5.444294
2.524516 1.512692 2.345345
2.620691 1.303299 2.494426
2.608486 1.329871 2.475507
2.714662 1.232578 2.781628
-1.575386 1.202934 0.549309
-1.430242 1.37627 0.49296
-1.447553 1.705072 0.73416
0.851245 -0.44519 5.100544
1.31795 -0.67195 4.9027
0.798598 0.158224 6.686823
0.8513 0.2374 6.7141
0.844871 0.227742 6.710773
0.618374 0.118022 6.597458
0.683734 0.06981 6.628785
2.856067 0.836449 3.234412
2.852 0.88195 3.36995
2.848104 0.925565 3.499871
2.857316 0.822408 3.192587
2.859003 0.803563 3.136453
1.125582 2.828972 3.937157
0.858459 2.748609 4.254427
1.2905 2.780597 4.17168
-0.398188 2.937824 3.029006
-0.295791 2.956092 3.105469
-0.41925 2.94284 3.111427
0.749561 -0.496174 5.360476
0.832567 -0.465192 5.103486
0.757469 -0.476928 5.374245
0.792238 -0.44093 5.373301
-1.223326 -1.517748 5.307909
-1.692845 -0.981792 5.135597
0.688891 0.337113 5.679801
0.762411 0.167417 5.716989
0.829859 0.182913 5.649539
-1.747018 1.793175 1.466372
-1.752624 1.7298 1.293323
1.714389 -1.993248 4.31392
1.914082 -1.869819 3.979663
1.873249 -1.691471 4.24042
1.845215 -2.067099 3.508124
1.870248 -2.030749 3.873297
1.790539 -2.104621 4.044697
0.301746 -1.518635 4.961812
0.3184 -1.525 4.9542
0.625416 -1.14075 4.998081
0.44594 -1.025519 5.059042
0.5103 0.26505 5.9626
0.476653 0.280228 5.985722
0.62679 0.217682 5.865954
0.385372 0.32125 6.033594
0.466411 0.284848 5.992768
1.476271 0.730739 0.250679
1.124746 0.570147 0.011709
-1.029914 0.890328 0.139998
-0.917415 0.674939 0.064705
-0.596353 0.393714 0.003743
-0.884946 0.322336 0.004334
-0.981825 0.530005 0.058522
2.25595 0.04595 1.038
2.269944 0.575685 1.176313
2.408995 0.347189 1.349318
0.674295 0.597074 5.534289
0.492073 0.769264 5.423275
1.052726 -0.027488 5.449874
0.914662 0.207008 5.566916
1.065382 -0.020471 5.44056
1.212608 -0.098453 5.257679
-1.229377 2.458003 2.714478
-1.40655 2.245475 2.344185
0.460877 -0.151302 6.393025
0.112027 -0.039685 5.933577
0.0501 0.0541 5.8219
0.05148 0.086853 5.801745
-1.625499 1.488264 0.735892
-1.455862 1.345806 0.502881
1.175958 0.22451 6.684051
-1.564969 2.091038 3.381718
-1.570539 2.080911 3.46316
-1.269478 2.418034 3.494987
-1.201237 2.493362 3.119488
-1.553746 2.111439 3.217648
-1.565582 2.089921 3.390692
-1.126949 -1.872143 5.187852
-1.230586 -2.069594 4.954352
-1.581872 -1.889642 4.880124
-1.902122 -1.822835 2.768712
-0.303441 2.945845 3.881815
-1.031074 2.248465 1.129709
-1.103495 2.185281 1.086976
-1.067581 2.188354 1.049658
-0.738606 2.465995 1.239606
-0.640934 2.489705 1.207447
-1.784736 -1.535557 1.748766
-1.888429 -1.51639 1.941566
-1.792778 -1.489067 1.681872
-1.96025 -1.04825 1.39485
2.864103 0.732938 3.036626
2.890496 0.507922 2.888894
1.557595 2.477367 1.643139
1.099466 2.678226 1.877049
1.069324 -2.105704 2.251507
0.976724 -2.185455 2.393435
2.013243 2.293999 2.093072
-1.147885 -2.470325 3.596344
-1.343972 -2.332045 3.282699
-1.036335 -2.478582 3.343584
-1.03417 -2.471608 3.289676
1.001756 -0.022666 6.56091
0.983689 0.068152 6.671038
0.867012 0.085154 6.692888
-1.487246 1.745191 4.531239
-1.507135 1.851024 4.341421
-1.629877 1.557003 4.801775
-1.776 1.5276 4.7983
2.639546 0.095296 1.846418
2.33801 2.181265 3.752828
-2.241615 0.293775 1.696777
-2.202677 0.077214 1.564445
-2.205617 0.224847 1.584522
0.3413 0.8623 5.3381
0.112616 1.078809 5.244362
-1.341706 2.323258 2.479707
-0.403745 -0.936111 5.331965
-0.055452 -0.838869 5.285182
0.765387 -0.657762 5.054076
0.477243 -0.967636 5.066116
0.515382 -0.957704 5.053673
0.745632 -0.588205 5.223409
0.738658 -0.598072 5.23303
0.776149 -0.545022 5.181309
1.438638 0.141492 5.073498
1.449721 0.109654 5.061874
2.3336 0.6082 4.8046
2.051629 0.30168 4.913172
1.869372 0.300821 4.975144
-0.773964 2.828341 3.191877
-0.847475 2.782348 3.076934
-0.97065 2.7059 3.07905
-1.021688 2.634968 2.635785
-1.044 2.6128 2.5648
-1.015052 2.641565 2.656904
1.078068 0.327675 5.434763
1.144748 0.300617 5.270037
1.099253 0.386779 5.348139
1.088584 0.35106 5.404528
0.850155 0.035364 5.672643
0.847712 -0.153054 5.799166
-0.326573 -0.889763 0.181704
-0.224209 -0.588368 0.039243
-0.191185 -0.521407 0.021601
-1.091768 2.226946 1.17268
2.574624 0.688702 4.55023
2.766782 0.834695 4.125782
2.747571 0.793202 4.202885
2.758856 0.48931 4.241212
2.790593 0.24999 2.292395
2.625909 0.59217 1.973585
2.644155 0.564757 2.013881
2.733178 1.648127 3.751047
2.675329 1.670759 3.282795
2.685992 1.705869 3.454979
1.160875 2.022818 5.221751
0.966512 1.829776 5.238118
1.016297 2.599407 4.594082
1.254704 2.542603 4.738206
0.430606 -2.52183 3.425193
0.127868 -2.526786 3.578358
0.158299 -2.363153 4.228922
1.69495 0.3301 5.0387
1.447429 -0.521424 4.896951
1.520459 -0.090219 4.98858
0.110978 -1.445714 5.048963
-0.227938 -1.672025 5.095397
-0.181594 -1.672251 5.071218
2.217294 2.252239 2.824981
2.359436 2.167409 3.441778
2.286538 2.233967 3.234115
0.65591 1.005777 5.313246
-2.365902 -0.249237 2.093104
-2.094679 -0.497313 1.310077
-2.465968 0.438664 3.00777
-2.45564 0.697136 3.377057
0.083577 2.849895 2.285588
-0.194216 2.848111 2.243223
-2.450804 -0.861269 3.083759
-2.475375 -0.73005 3.133876
-2.490703 -0.655412 3.197422
1.119405 0.247725 6.354832
1.08071 0.179368 6.314106
-0.604406 -0.023556 0.002511
-0.602338 0.231781 0.000744
0.158417 -0.437062 0.025352
-2.378783 -0.961663 2.756258
-0.519296 -2.097806 1.711224
-0.292961 -1.828297 1.234761
-0.054208 -1.858866 1.290758
-0.020201 -1.845649 1.269125
1.583149 -2.275605 3.501224
1.620647 -2.083215 2.872323
1.728619 -2.00352 2.870826
1.786855 -2.128046 3.450834
1.699553 1.67709 5.433489
1.749024 2.132962 5.153742
1.546254 1.789077 5.413043
1.466192 1.129087 5.489391
1.297352 0.816076 5.396729
1.552108 1.233025 5.516098
2.618415 0.518697 1.916834
-2.459929 0.653492 3.936755
-2.446648 -0.156771 3.9539
1.883724 2.366861 1.973329
1.962721 2.326587 2.053842
1.724902 2.367401 1.597937
1.590073 2.493265 1.753827
1.756878 2.409818 1.786412
1.474782 -0.357984 4.931772
1.459724 -0.447951 4.912601
1.508054 -0.159187 4.97413
1.075825 -0.284617 5.059705
0.756918 0.497037 6.612187
0.828558 0.485706 6.709544
0.792347 0.516619 6.6186
0.8871 0.4983 6.7376
-2.065744 1.038139 1.370358
-1.977091 0.874944 1.077906
-1.205673 0.322217 5.224094
-1.463577 -0.005477 5.189966
-1.278711 -0.143144 5.21089
-1.624868 1.709781 1.00528
-1.5599 1.6996 0.8588
-2.367598 0.762466 2.616218
-2.324885 1.06986 2.786905
-1.590693 2.009307 3.78484
-1.352284 2.220555 3.920232
-1.462418 2.149443 3.715498
0.333547 0.240123 6.290826
0.363113 0.312153 6.114345
0.36495 0.3129 6.10895
-2.021915 1.67625 3.94616
-2.278888 1.188406 4.44009
1.71599 2.59583 2.611982
1.842048 2.52212 2.612494
1.994115 2.379153 2.384222
2.001751 2.363158 2.315216
-1.558924 -2.232129 3.789337
2.3125 1.35705 1.6633
2.310714 1.331248 1.647915
-0.214831 0.49396 5.310513
-0.01358 0.818779 5.272964
2.266201 0.5838 1.173469
2.244891 0.862966 1.280924
2.222173 1.126109 1.39891
2.212435 1.114666 1.376842
2.295067 1.211762 1.564098
1.23411 2.683161 2.009124
1.651655 2.598293 2.383956
-1.27566 -2.39525 4.147134
-1.967442 1.756587 3.109898
-1.645236 2.038432 2.80647
-1.707482 1.978454 2.720018
-2.244088 1.130308 2.299197
-2.116043 1.374191 1.941375
-2.14009 1.256978 1.875015
-2.0857 1.0681 1.4357
-2.29035 1.0326 2.44335
2.915186 0.325793 3.884017
2.921584 0.287033 3.88999
1.011626 0.593334 5.460336
0.942152 0.45402 5.54138
1.015898 0.619639 5.448236
0.877539 0.65395 5.469791
1.3216 0.814107 5.397158
1.092439 0.397366 5.381179
1.071347 0.530993 5.335894
2.241278 -1.263545 3.869494
2.14266 -1.347312 3.825372
2.291829 -1.288497 3.554774
1.27013 -0.806961 0.309905
1.164353 -0.780345 0.212121
0.966171 -0.975672 0.255477
-0.3119 -1.1862 0.4504
-0.67508 -1.356712 0.577015
-0.375082 -1.488507 0.771684
-0.170231 -1.307875 0.557591
0.857874 1.294531 5.308314
0.975891 0.821099 5.394627
0.918466 1.124137 5.336195
0.804385 2.768227 4.206047
0.413965 0.425715 5.693657
0.368708 0.422497 5.690616
0.7628 -2.02565 4.64805
0.518638 -2.3236 4.335492
1.114631 -2.169234 4.488533
-2.321129 -0.493097 4.293783
-2.343907 -0.062932 4.37104
-1.970415 0.651334 5.070926
-2.06007 0.713492 5.003142
-2.053547 0.559945 5.008663
-2.20953 0.477719 4.811835
-2.087266 0.949921 4.960256
-2.2503 0.846951 4.732853
1.391056 -1.934543 2.14606
-0.846512 -0.875488 5.312259
-0.684793 -0.881574 5.30618
-0.906729 -0.70978 5.284859
-0.981647 -0.603761 5.267452
-0.586285 2.605822 1.462898
-0.213309 2.680775 1.574277
0.251008 -0.529836 5.489331
0.165052 0.651151 5.45308
0.243747 0.412772 5.682417
0.258439 0.72021 5.487212
0.191132 0.622156 5.498564
0.039205 0.458855 5.487147
-2.440778 0.273706 2.615964
0.843482 2.849349 2.656319
0.641139 2.891245 2.825389
0.847757 2.841395 2.604635
0.556446 2.914159 2.978917
2.231152 0.659803 1.146831
2.366509 0.40586 1.273903
-1.882242 -1.864806 2.83727
-1.640107 -1.924704 2.403965
-1.819358 -1.713585 2.195762
0.469048 2.659081 1.741681
0.3868 2.6745 1.7448
2.689013 1.154546 2.600332
-1.68803 0.206338 0.63634
-1.488931 0.08963 0.338749
1.878867 0.530749 5.053886
1.51265 0.7864 5.35105
1.624756 0.461528 5.106761
1.856634 0.852379 5.296095
2.685388 1.481674 2.936388
2.649897 1.581368 2.90924
2.71714 1.618329 3.389372
2.18305 -0.577548 1.300612
-1.194826 1.852511 0.671334
-2.264465 0.476169 1.825327
-2.136193 1.031567 1.631093
-1.911004 1.765594 2.388357
1.475103 -1.323144 4.729695
1.341973 -1.210252 4.828444
1.293927 -1.140745 4.854664
1.59417 -1.424111 4.641377
1.621262 -0.949459 4.665936
-1.202263 0.314202 0.146196
-0.643048 0.312228 0.000804
-0.971414 2.705431 3.080649
-0.727086 2.857906 3.271613
-0.48529 2.939834 3.280872
0.990936 0.527919 6.442048
0.92635 0.55111 6.492157
-1.133815 2.561793 3.571995
0.946112 -1.283285 0.559258
1.386591 -1.192093 0.786095
1.12626 -1.467064 0.942055
1.022237 -1.465861 0.854796
1.733598 -0.71397 0.765887
1.686439 -0.977971 0.972726
1.474135 -0.729157 0.487618
-0.986972 0.814424 0.112418
-1.324172 0.819973 0.299494
-1.007931 0.471262 0.056017
-0.999346 0.49058 0.056841
1.132532 2.845993 3.04609
1.336294 2.802466 3.114525
1.437248 2.75334 2.96286
-1.932895 1.781863 2.947716
-1.968133 1.756082 3.113141
-0.30204 -0.248751 5.335051
-0.210532 -0.304007 5.422475
-0.273023 -0.186972 5.392591
0.972504 2.725378 2.054453
-1.794963 0.002787 0.752551
-1.898167 -0.162016 0.87898
-2.035039 -0.35719 1.151759
2.113444 -1.485928 3.079988
1.940749 -1.705627 2.864563
-1.639443 1.259402 0.646928
-1.614136 0.967938 0.551736
-1.368249 1.90936 4.433922
-1.318278 2.202981 4.043497
2.534665 1.929008 3.400138
2.356496 2.163338 3.708712
0.485505 2.660233 4.583938
0.271465 2.66328 4.648978
1.27861 2.665502 1.960861
1.012698 2.705104 1.970363
0.817752 -0.283243 5.871591
0.551418 -0.448878 5.748227
0.431392 2.862182 2.531374
0.40699 -0.471655 5.647752
-1.782953 0.773333 5.160611
-1.5141 0.482121 5.209666
-0.486714 -0.084506 5.28451
-0.479 -0.0372 5.2826
-0.3203 0.2556 5.3324
-0.631481 1.217143 5.145247
-0.633676 1.212992 5.14556
-0.3137 1.708207 5.133747
-0.231327 -2.389273 2.516932
0.321842 -2.492296 3.072423
-0.687914 -2.549562 3.291027
-0.391413 -2.50151 2.952493
0.819378 -2.089079 2.051028
0.630543 -2.183757 2.154611
0.313991 -0.013009 6.302382
-0.967182 -0.463207 -0.000459
-0.920358 -0.364083 -0.000375
-0.0757 -0.3653 5.494
-0.186393 -0.42087 5.411158
-0.311099 -1.513502 5.221392
-0.726501 -1.577564 5.351436
-0.8967 -1.337416 5.396357
0.880328 0.281009 6.729128
0.8513 0.2374 6.7141
0.8513 0.2374 6.7141
3.011985 -0.034146 3.631143
-0.35094 0.066923 5.341856
-0.128623 0.071078 5.567016
-0.357934 0.056133 5.335425
-0.264877 -0.162618 5.415708
-0.843821 2.55302 4.608769
-1.616277 1.492602 0.728563
-1.62865 1.502478 0.75362
2.471427 1.650496 2.306685
2.409295 -0.606052 1.744469
2.371283 -0.601263 1.669896
-0.135051 2.967003 3.147264
-0.075883 2.971723 3.258435
-1.515638 -0.211727 0.210955
-0.05619 0.136365 5.62177
-2.161624 -1.62285 4.019359
-2.279354 -1.436189 3.643733
-2.160218 -1.634729 3.906725
0.496778 2.914586 3.753426
0.175547 2.966853 3.616358
2.079594 2.240998 4.617722
1.760645 2.554115 4.524818
2.029707 2.22435 4.745165
1.7385 2.6389 4.165
1.747771 2.564732 4.522131
-1.175247 2.518585 2.83409
-1.201925 2.493252 3.273503
-1.182824 2.513062 3.51468
-2.289681 1.216105 3.004877
1.384176 2.680912 4.498346
3.005098 -0.37263 3.375447
3.016746 -0.100729 3.326553
0.934822 0.054957 6.679761
0.919671 0.160158 6.746703
0.92989 0.099405 6.709974
1.545346 2.47137 1.601399
1.441508 2.29641 0.958331
0.288733 -1.041151 0.22892
0.26333 -0.973728 0.185171
-1.158401 -2.141534 2.266246
-0.942899 1.670292 4.952359
-0.944829 1.45512 5.027624
-0.690779 0.6708 5.246992
-0.62213 0.645294 5.256156
-0.311844 0.253053 5.344324
0.202534 0.222425 5.988492
0.982517 -0.037739 6.19277
0.86051 -0.152248 5.858676
0.9215 -0.0665 6.0758
0.253256 2.91801 2.724388
0.261452 2.921619 2.762852
1.149828 -0.131151 0.00387
1.496926 0.218506 0.144504
1.529341 0.152993 0.179162
0.83876 -1.223147 4.938013
2.660709 1.662799 4.492456
2.351455 1.986268 4.56921
-1.200169 2.493527 2.881234
-1.179949 2.513776 2.82301
-1.210104 2.481121 2.754757
-1.326953 2.352966 2.649246
1.117923 1.575692 5.375501
1.539979 1.219093 5.512473
-0.471367 2.763109 1.916964
-0.471455 2.94075 3.394111
2.628897 0.600381 1.986161
2.621949 0.616363 1.977256
-1.616627 -1.481986 5.136459
-1.940604 -1.361916 4.904323
-1.8872 -1.138695 4.999972
1.070672 2.268972 5.01212
1.172107 2.546156 4.723467
0.683517 2.165256 5.029478
0.873453 2.380682 4.85356
-1.026973 2.384502 1.471299
-1.166692 2.325133 1.548677
-1.154974 2.335781 1.556769
-0.9511 2.527269 1.748316
-0.170629 2.791582 1.996255
0.049308 2.849675 2.280361
0.593034 -0.589327 5.39194
-1.481654 0.895996 0.418754
-1.526117 0.795034 0.45189
0.223973 -0.022743 6.164137
0.193626 -0.062182 6.089982
0.381292 -0.218694 6.236499
1.973967 1.300676 1.014689
2.319477 1.496529 1.74095
0.787946 0.618342 5.507918
-1.280523 -2.321176 3.057612
-2.299522 0.112043 4.541928
-1.898993 0.496595 5.109312
-1.845393 0.726553 5.147948
-2.071462 0.423923 4.96608
0.1472 0.6772 5.4118
2.485524 0.0273 1.477682
2.596549 0.149694 1.740472
2.6006 0.344 1.7819
0.004296 0.939645 5.254801
0.012202 0.993098 5.246761
-0.197119 1.206617 5.193479
-1.1828 -0.54162 5.243868
-0.812627 -0.785656 5.29454
2.846255 0.940613 3.653329
2.848479 0.910215 3.669702
1.928962 2.230226 4.865205
1.99197 1.852639 5.196897
0.28815 -0.357 0.00555
2.827811 -0.432192 2.586934
2.841279 -0.193645 2.48778
-0.010296 2.707931 1.673461
2.181884 1.078768 1.307611
1.470321 -2.342397 3.577896
1.729634 2.651541 3.9468
1.86964 2.558214 4.07054
-2.287836 0.719369 4.686553
-2.25469 0.97475 4.670966
1.824065 0.470832 0.468227
2.682412 1.115627 4.464806
2.596495 0.921884 4.581057
1.560281 -1.984148 2.51369
2.021218 2.278185 2.080133
2.278101 1.9853 2.267505
-0.0592 2.842311 4.353598
-0.232951 2.945422 3.912604
0.059395 2.811514 4.437249
-1.061454 2.578363 4.018094
-0.026484 0.521839 5.323022
0.022426 1.059132 5.236911
0.029756 0.489462 5.427413
0.906336 -0.322802 5.370209
0.821614 -0.410516 5.372503
0.955269 -0.290854 5.349749
2.329081 -0.595946 1.587101
1.426731 0.375124 5.136434
0.876264 2.117395 5.061321
0.579088 1.888473 5.152595
0.210616 2.197347 5.080073
0.646188 0.197001 5.871027
0.624503 0.220156 5.862905
0.613773 0.231765 5.8486
-1.6779 1.863759 1.492786
1.8443 -1.02 1.2973
1.637573 -0.911975 0.854581
0.854997 -0.012493 5.900862
0.760927 0.075997 5.810784
2.14906 1.751568 1.505365
-1.542631 2.082244 2.05978
-1.645611 2.028121 2.497054
-1.013525 2.508642 1.860926
-1.012177 2.579919 2.235352
2.870415 0.641416 2.934158
2.678812 1.176752 2.58452
2.7097 1.1095 2.6324
-0.232598 2.370375 5.016977
0.109153 2.54383 4.844661
-2.241843 -0.907188 2.051371
-2.302144 -0.652103 2.015023
1.2402 0.0977 5.1637
1.478894 0.025847 5.03128
0.366069 -1.06953 5.070561
0.408639 -0.769213 5.133196
0.83938 2.658661 1.807671
0.1883 -1.0876 5.119
0.243272 -0.710369 5.19536
2.065069 -1.497927 2.870116
1.232689 -0.018121 5.262595
1.195999 0.021916 5.324346
0.993766 -2.428887 3.171316
0.589139 -2.440928 2.921814
1.019163 -2.452388 3.335549
0.396059 -1.553593 0.808268
0.591921 -1.407897 0.619972
1.053312 -2.123802 2.286891
0.838482 -2.178702 2.276486
-0.904787 0.750856 5.224298
-0.873984 0.711543 5.22486
0.001 -0.186 5.6416
-0.030705 -0.184179 5.615043
-1.458991 0.465081 0.394574
-1.668879 0.482956 0.61633
-2.063635 1.568465 2.193022
0.73908 -0.393531 5.700377
0.801791 -0.314314 6.016381
2.692784 1.726936 3.775968
2.752566 1.534653 4.205608
-0.63736 2.522744 1.283819
-0.946865 2.317166 1.169538
1.029518 -1.483324 0.883064
-2.133541 -1.080883 1.912325
0.687375 0.198031 5.952789
0.391082 0.318827 6.04453
0.637281 0.269347 6.072423
2.448416 -0.136718 1.464116
0.034436 -1.697486 4.942911
-2.448426 0.081384 2.574621
-2.445884 0.145292 2.588359
1.376141 -2.256175 2.99524
-1.949378 -1.68366 4.596666
-1.835523 -1.931263 4.351065
0.562688 -0.551585 5.452967
0.919731 -0.313146 5.355417
-0.282969 -1.825065 1.228859
-0.643061 -1.884861 1.334895
1.670559 -0.363117 0.464187
1.531925 -0.253332 0.281684
2.035263 0.404711 0.70094
2.141428 0.505268 0.915495
1.360665 -1.446729 4.783862
1.064119 -1.310186 4.874561
1.8172 -0.04235 0.48055
1.725902 -0.07796 0.398404
1.792403 -0.201336 0.508739
2.8283 1.08465 3.59285
2.847141 0.910951 3.301825
2.85549 0.834002 3.172903
2.30017 0.10012 1.100747
2.320084 0.116583 1.131942
-0.574983 -1.455048 0.708778
0.368808 0.314469 6.097615
-0.771082 2.615795 1.71227
-0.731797 2.627693 1.69989
-0.776908 2.500736 1.380628
1.753173 -1.065797 4.528611
1.305381 2.657282 1.952732
1.557884 2.61948 2.24945
-2.235148 1.031066 2.051783
-2.29077 1.045624 2.470518
-1.336892 2.329034 2.489771
-1.42565 2.222563 2.304264
-1.49432 0.266522 5.20782
-1.557226 -0.109291 5.156825
-1.151532 1.869351 4.689302
-1.526997 1.656688 4.668768
0.605782 2.767707 2.188062
1.992743 1.834153 1.206241
2.060762 1.739232 1.298548
-1.785461 1.594929 1.141513
-1.595056 1.5988 0.805015
0.566447 2.923364 3.599042
0.365769 2.951198 3.346064
0.095072 -2.156541 1.887424
0.101513 -2.170763 1.919591
-0.403705 -2.175939 1.893335
1.057196 -0.002741 6.335769
1.098418 0.052866 6.561686
0.473264 2.916667 2.902132
2.42504 2.094129 3.543901
2.679581 1.730683 3.575484
2.336108 -0.965057 2.224205
2.577798 -0.769154 2.37292
2.692482 -0.720956 2.591821
0.276207 2.928113 2.832091
-1.336839 2.212574 3.976222
-1.464653 2.000919 4.13735
-1.5559 2.040066 3.806559
-0.353571 -2.557054 3.645952
0.354408 -2.469954 3.962337
2.383021 1.314337 1.791754
2.481518 1.026607 1.868226
0.958743 0.398813 6.76972
-0.718692 2.855099 3.182741
1.136633 0.178278 6.384672
1.090094 0.146516 6.329779
1.059937 0.571752 5.350801
1.564105 1.024922 5.460948
1.284351 2.833703 3.38719
0.685986 -0.68211 0.029058
0.806325 -0.646791 0.019117
0.52885 -0.4958 0.03365
-0.801199 1.899991 5.039777
2.172027 -1.294976 3.882244
1.0288 1.2242 5.3471
0.844917 1.330974 5.302358
1.027486 1.200253 5.349179
0.67265 0.96565 5.32
1.508395 -1.740071 1.883109
-1.072493 2.10102 0.90438
2.284766 0.543547 1.187578
1.955574 -1.488531 2.382922
2.564261 1.686831 4.650371
2.621523 1.433508 4.780693
2.155713 -1.167198 2.237842
-0.347239 -2.422544 2.609092
-0.272321 -2.457323 2.737111
-1.092061 -0.447513 5.241801
-0.527566 -0.335019 5.294622
2.696844 0.022808 1.987598
2.775927 -0.258878 2.322614
-2.256295 1.356717 4.235049
0.204836 0.117714 6.120979
-2.078995 1.641486 3.043836
-0.273997 -0.458079 5.358812
-0.628435 2.890661 3.775626
-0.674126 2.864058 3.843871
0.608094 -0.920475 0.135625
2.858357 0.072736 2.493683
2.329181 0.795742 4.877827
2.709974 0.301968 4.392
0.741296 0.556583 5.551373
0.766341 0.609756 5.517118
2.011534 0.835523 0.895439
1.903398 1.09534 0.873716
-2.079767 0.869608 1.339249
-1.873278 0.946301 0.886254
-2.347553 0.641852 2.287058
-1.562053 2.096338 3.339093
-1.543414 2.130221 3.0666
1.452464 0.027223 0.146128
1.144259 0.214034 0.007317
1.614195 -0.047833 0.281889
1.573026 -0.09367 0.256738
0.400379 -1.516754 4.941463
0.813088 -1.836546 4.753483
-1.337081 0.848139 0.309146
0.84735 2.84215 2.60955
0.887004 0.498283 6.737568
-0.460335 1.507984 5.130764
-0.468019 -0.715526 0.019811
-0.642904 -2.567067 3.621404
-2.279364 0.494618 4.702054
-2.3086 0.657517 4.645371
-2.403125 0.709167 4.300858
-2.446863 0.651348 4.054546
-0.322884 2.543358 1.202581
-0.633236 2.487899 1.199032
-0.607589 2.560115 1.356373
-0.270915 -1.656809 5.125753
-1.23752 -2.37324 4.310368
-2.42824 -0.652226 3.934949
0.054827 0.166273 5.752875
-0.136982 -0.001033 5.57488
1.575664 -1.822573 2.178545
1.766459 -1.787505 2.477068
0.687987 0.668594 5.467972
0.648518 0.703345 5.438534
2.343584 1.429553 1.761135
2.483936 1.603094 2.286447
0.780665 2.776833 4.184824
0.141509 -0.525435 5.462478
-0.43184 1.362782 5.147325
-1.606396 1.99556 3.800192
-2.0075 0.40825 1.1185
-1.286155 -2.286166 2.929311
-1.526311 -2.046971 2.558439
-0.054314 -1.858907 1.290826
0.281383 -1.554667 0.809512
-2.446301 0.651256 4.059628
-1.662052 0.950382 0.592837
-0.189074 -1.069356 5.283733
-0.190319 -1.072692 5.283882
2.146505 -0.712796 4.643098
2.318667 -1.021636 4.318353
-0.67998 2.475839 4.820036
1.498706 2.619798 2.132802
1.63003 2.512828 1.889998
-0.040369 0.367526 5.483068
-0.253379 0.304823 5.331733
1.724651 -1.635688 2.084078
-1.49124 -0.600836 5.181477
-1.54793 -1.309134 1.012799
2.780124 0.462231 2.367347
2.845123 0.681788 2.834627
2.265521 0.290233 1.058105
2.196911 -0.014656 0.952371
-1.17991 1.502787 0.364847
0.937316 2.713294 4.338904
1.227762 2.697993 4.431402
0.502184 -0.177104 0.009593
-1.347394 0.033665 5.219577
-1.301358 0.209907 5.223881
-0.330117 0.209945 5.331493
1.642367 -2.233799 4.034276
2.291396 -1.234836 2.806977
2.1861 -1.3997 3.0851
2.074181 -1.495668 2.909644
-2.286573 -0.411981 1.849958
-1.24071 0.115876 0.024899
-2.489673 -0.654018 3.180958
-1.933647 -1.928762 3.821646
0.706614 0.052933 6.639756
-1.038968 -0.632467 5.265561
1.5561 2.6955 2.7843
0.968289 0.810267 5.398411
0.884587 2.720855 2.032504
-2.4315 -0.4237 3.9516
-0.332667 0.198086 5.331258
-0.016507 0.798986 5.275942
0.047583 0.884479 5.272089
0.023228 1.053562 5.238034
-0.223713 -0.01477 5.495169
1.44258 -1.624228 4.709496
0.3856 0.3213 6.0483
0.751813 2.750175 2.136439
-0.793854 1.731491 5.060031
-0.713128 1.639747 5.080697
-0.603798 1.515494 5.108685
2.661952 1.213461 2.558385
2.585043 0.758758 4.552953
-0.347417 2.807995 2.061105
-1.721416 1.245494 0.752325
1.437446 -1.417596 1.188272
-0.621927 -1.81989 1.213001
-2.281468 -1.216892 2.781996
-2.393804 -0.884671 2.698809
0.99523 0.994927 0.015571
0.958348 2.745209 4.251027
-0.48235 2.9403 3.2749
-0.02489 2.690927 1.616445
-2.121552 0.696662 4.950352
-0.248097 1.949802 5.123799
-1.743837 -0.395667 0.552895
0.297662 0.276639 6.110838
-1.673329 0.149327 0.614292
-1.922453 0.91277 5.096572
-2.358938 -1.222406 3.227465
-1.343081 -0.644399 0.132413
-1.35391 1.649134 4.725398
-0.689281 -2.459643 4.367177
1.99185 1.0903 0.96675
0.401604 -0.171171 6.312243
2.185394 1.69719 1.555594
2.521485 -0.662025 2.054011
2.674356 0.5658 2.101376
-1.2833 0.0937 0.04465
0.75918 2.891827 3.642469
0.903428 2.855686 3.833442
-1.223477 1.873441 0.72688
-1.209893 1.993403 0.881307
2.119686 2.008904 4.921441
1.433506 2.761072 4.128704
1.7124 2.668509 3.505272
0.435446 -0.904281 0.131962
-0.343712 2.612618 1.395389
0.305954 -0.374276 5.765083
0.398029 -0.287001 6.124043
0.570069 -0.555085 5.446856
-1.559258 1.222861 0.54292
-0.19778 -0.990329 0.27711
-1.203635 2.273716 1.49063
2.279752 1.077511 1.461417
1.858045 -2.052521 3.540713
0.500797 0.199662 6.540033
0.553361 0.165978 6.566286
2.112706 2.078599 1.891669
-0.956088 1.055939 5.20153
-0.699062 -2.544172 3.244002
2.4744 1.0474 1.8627
-1.919233 1.190789 1.061243
-0.193205 -2.272418 2.133635
0.311509 -2.494279 3.078242
-1.442305 1.742213 0.766374
-1.447623 1.704564 0.73372
-2.008655 0.89558 1.160323
-0.13689 2.913665 2.642548
-0.797035 2.719615 2.269836
-1.784459 1.753365 1.472473
2.420481 -0.604799 1.764279
2.194629 -0.42585 1.193148
1.101411 0.154239 6.343132
1.191355 -2.378243 3.236955
1.62913 -2.154654 3.070116
0.961126 2.43014 4.811302
0.209744 -0.988877 5.136048
0.916705 0.457884 6.378957
2.695898 1.13955 2.611006
-1.921273 -1.72069 4.601445
-0.437564 -2.495284 2.909355
-0.24209 -2.484783 2.88104
0.429905 -1.06524 5.053132
-0.770529 2.834043 3.294306
-1.132908 2.561833 2.933787
2.2894 -1.3048 3.3875
-0.782156 2.831066 3.634113
-0.526188 2.933244 3.379086
-1.585826 1.179177 0.555527
1.054196 0.231085 6.774067
-0.27518 -0.689155 0.079335
0.552872 -0.308122 0.009145
0.637083 2.913498 3.127321
0.565135 2.923512 3.599102
1.973746 0.577313 0.690976
2.004993 0.404485 0.656738
-2.400276 0.873792 3.044431
0.995378 0.472515 5.511485
1.582553 -1.075715 0.922385
1.02325 -0.2487 5.31905
-1.039597 2.19075 1.02058
-1.080202 2.187274 1.062773
-1.496938 -0.570597 5.17338
1.708858 -1.602363 1.991797
-1.078506 -0.127261 0.012517
1.507135 2.452664 1.471176
0.075834 -2.114079 1.791366
-0.505192 -2.055356 1.623076
1.422913 -0.095082 0.150862
0.664315 0.193959 5.837658
2.207686 -0.31785 4.756512
0.110887 2.818591 4.395788
2.824037 1.071844 3.243632
2.285826 1.810923 1.919258
2.536961 -0.647487 2.070885
0.694621 0.246927 5.719977
-1.082344 0.466979 5.224387
2.073011 1.783798 1.35238
-2.195592 0.519579 1.58716
-2.263352 0.425474 1.799493
2.476354 0.648159 4.652356
0.755084 -1.51471 0.814498
-0.041962 0.626876 5.30181
-0.277308 -2.080427 4.782718
-1.139562 2.40752 1.765725
0.387082 2.671526 1.740841
1.310379 0.72149 5.352636
1.240831 -0.062326 5.178607
-0.005528 0.566013 0.005939
-0.004131 2.715117 1.697547
1.012708 2.848618 3.852341
-0.772565 -1.677545 5.313009
2.763884 1.471506 3.404291
0.653668 0.091988 6.614378
0.956122 -0.291556 5.299349
1.017339 -0.255237 5.205035
0.932608 -0.305506 5.335575
-1.922178 1.789703 2.897407
2.403282 -0.170343 1.385621
-1.824692 1.438493 1.055659
-1.426978 1.680465 4.656463
-0.606532 -0.285926 0.004325
-0.28471 -2.451572 2.715941
0.235443 -2.515599 3.221875
0.899674 2.718093 2.022435
2.722992 1.067521 2.652249
-0.50533 -1.818837 1.213127
0.081662 -1.561778 0.828108
1.513283 -0.127941 4.980784
-1.168347 2.025947 0.888285
-1.106997 2.184981 1.090614
-0.603203 0.124967 0.001483
0.894536 0.511127 0.014037
0.855698 -1.229689 4.933244
-0.410262 0.012107 5.31029
0.831584 1.505044 5.290197
2.556491 0.370911 1.686336
0.462141 0.306116 6.034357
0.545892 -0.542752 5.476066
-1.242893 2.398727 3.81955
0.931464 0.757799 5.416735
1.734196 2.379731 1.652732
-0.775502 2.509874 1.404562
0.444026 -2.518292 3.553861
2.318447 1.443012 1.714554
-0.451267 1.520366 5.130952
1.174939 0.289617 6.717764
0.90031 -0.101255 6.513962
2.837713 0.368558 4.107863
-0.631926 1.2163 5.145307
0.974817 2.862012 3.774529
-0.0164 2.700817 1.649611
-2.388876 -0.63183 2.350871
0.867411 0.087135 5.641754
1.255105 2.598719 1.633829
-1.475298 0.54524 0.408498
0.055101 -2.409184 4.139842
1.830124 -1.660762 4.314773
2.289745 -1.14381 2.568417
2.489843 -0.672958 2.00426
0.141476 2.618466 4.759139
1.240093 0.094912 5.166527
0.744169 -0.007561 6.614834
1.066392 -0.025704 6.426918
2.440185 -0.690116 1.926183
2.056705 2.441044 3.345967
0.134676 -0.657788 5.291329
2.2672 -0.58815 1.4657
1.110565 0.074493 6.42202
