-0.784047 0.900298 0.386822
-0.571907 0.63298 0.172086
-0.72598 0.325275 0.132269
-1.059125 -0.201579 5.312886
-1.085029 0.218558 5.30349
-0.966566 -0.050255 5.320303
-1.291176 -2.283714 4.256641
-1.342075 0.349272 3.945517
-1.497244 0.339146 4.189641
1.951008 0.20127 1.395003
2.1207 -0.0642 1.7152
1.964917 -0.165445 1.464134
0.215418 -1.449771 2.707178
0.324047 -1.061137 2.985099
0.046814 1.795664 3.081361
-2.24205 0.0249 0.7786
-2.219132 0.171564 0.731512
-2.130094 0.105653 0.605232
0.97589 0.801455 0.669994
0.899039 0.085816 0.52699
0.828713 0.471708 0.710589
0.519348 1.159979 3.582322
0.241191 2.81665 3.468538
0.278277 2.958709 3.717697
-0.818535 -0.10125 5.400521
-0.835948 -0.005352 5.405942
-0.923717 -0.140746 5.310847
0.124751 1.097453 5.181412
0.261749 0.101111 5.141709
0.142186 -0.264874 5.12714
-2.887677 0.048008 2.57297
-2.915809 -0.006804 2.642168
-2.876326 -0.025867 2.412421
-1.981034 0.204096 1.97805
-2.0034 -0.04465 2.289
-1.80798 -0.26722 2.138817
2.508839 0.181472 3.095849
2.510288 0.26502 3.286607
2.571733 -0.154973 3.355356
-0.442772 -0.134283 5.305877
-0.291194 -0.111263 5.327868
-0.325522 -0.178735 5.358045
0.335605 -0.251451 0.014256
0.436816 0.572251 0.095313
0.742981 0.76571 0.137329
1.475341 -1.530835 1.241562
1.614242 -0.507917 1.173095
1.682703 0.190255 1.474339
2.330599 1.010354 3.130033
2.36833 -0.100273 3.053643
2.239961 0.157128 2.837366
1.015298 -0.464747 1.991673
0.953614 2.137173 2.079634
1.097257 0.989288 2.315038
-1.186805 -1.713886 2.226328
-1.06747 -0.302217 1.977413
-0.9055 -2.31975 2.14295
-2.88355 0.04665 2.92135
-2.925163 -0.361536 2.97963
-2.900357 -0.166783 2.776135
0.203299 -0.526203 0.058597
0.450821 -1.122498 0.015974
0.409812 -0.491755 0.163142
-1.416163 0.048069 0.950525
-1.626534 -1.592329 0.989169
-1.453101 -0.19127 0.721009
0.407705 0.594852 5.679646
0.39212 0.258923 5.790887
0.458498 -0.130226 5.593835
0.441461 0.080755 5.496343
0.290302 0.05066 5.565057
0.424982 -0.049778 5.471532
-0.973608 0.326996 1.468817
-0.776867 -0.222978 1.496173
-0.721797 1.231463 1.363455
0.448625 0.881838 3.04855
0.675802 1.073621 3.049437
0.478342 1.714243 2.722607
2.021706 -0.419908 5.140396
1.849282 -0.600666 4.950251
2.118907 0.020061 4.835525
0.82075 -2.08255 3.307436
1.028356 -2.313997 3.581374
0.656896 0.408152 3.72345
-2.850772 0.139414 2.741677
-2.889907 0.813559 2.900046
-2.867731 0.774795 3.28406
-2.728825 0.837696 4.507685
-2.540497 1.044733 4.729056
-2.620228 1.496928 4.236176
-0.42903 0.198928 5.599208
-0.550393 -0.846583 5.521118
-0.534953 0.41817 5.583969
-0.613944 0.240406 5.19785
-0.687136 1.177719 5.25847
-0.497966 -0.686483 5.198435
1.375268 -0.604941 0.656363
1.425762 0.182208 0.697399
1.313368 0.438018 0.538685
2.054301 0.376629 2.625571
1.970491 -0.472162 2.649014
2.078844 1.217411 2.774497
-1.550144 0.080855 4.596666
-1.618543 -0.161384 4.403737
-1.411641 -1.907696 4.459445
-2.692268 -0.695432 2.61107
-2.75079 -0.882863 2.760584
-2.792767 -0.559897 2.630038
-2.440522 -0.144778 2.220292
-2.496762 0.188767 2.086526
-2.356901 -0.322684 2.033697
-2.468362 0.011757 1.609808
-2.48648 -0.042219 1.389547
-2.340388 -1.02542 1.396529
-0.096589 -0.958294 1.758347
-0.276817 2.085733 1.614211
-0.22028 0.040596 1.740355
0.336195 1.049732 1.022706
0.168334 -1.069976 1.069388
0.149396 0.939438 1.159606
-0.206824 0.878203 2.636745
-0.131826 1.255629 2.46982
-0.309059 2.516371 2.407909
-0.83689 2.616694 2.679677
-1.1689 2.68405 2.74495
-0.928503 0.154269 2.895446
0.477934 0.078875 5.501587
0.421674 0.711934 5.420407
0.291687 0.190869 5.586063
2.079584 0.436138 4.497309
1.896815 1.369957 4.580317
1.781098 1.060785 4.726656
-2.66015 0.29975 1.6858
-2.637403 0.240992 1.518402
-2.546738 0.051685 1.342268
-1.930888 1.446443 1.765628
-2.012212 1.851418 1.491215
-2.088375 0.042978 1.67175
-1.787593 0.350527 0.684503
-1.880803 -1.101562 0.812783
-1.851412 0.236019 0.599761
-0.288303 0.179963 0.011783
-0.119469 -0.726452 0.004757
-0.047277 0.330666 0.009489
1.472655 -1.527005 2.030375
1.44248 -0.367643 1.811465
1.73235 0.04235 1.95395
2.428614 -0.144161 3.749024
2.546633 0.304531 3.540999
2.559083 -0.707097 3.830898
1.328081 0.133654 0.539902
1.422348 0.273477 0.655601
1.418541 0.110854 0.658662
0.827815 -0.000017 0.109134
0.628146 0.017075 0.058897
0.550726 -0.097574 0.047955
-0.312139 0.111582 5.482477
-0.280163 0.795318 5.559852
-0.164958 0.036545 5.525393
0.082205 0.913531 5.408767
-0.000695 0.627517 5.479608
0.177892 -0.013993 5.419558
1.565925 1.005513 2.9587
1.759322 1.274871 2.9168
1.727185 1.315215 2.771004
0.948031 0.128396 4.270534
0.774329 0.846194 4.500301
0.880733 -1.074233 4.473351
-0.234026 -0.252917 5.413764
-0.247131 -0.170832 5.320943
-0.145993 -0.126831 5.378063
0.226179 -0.608522 3.619539
0.238619 1.039991 4.008294
-2.31345 -0.0411 1.37995
-2.325536 0.19759 1.512439
-2.155663 -1.341354 1.471984
-2.326154 0.720629 0.540869
-2.244284 -0.289723 0.542893
-2.247843 0.346011 0.399792
0.21272 0.442417 6.284327
0.2361 0.79885 6.18785
0.117987 0.573672 6.441968
-0.373736 0.411894 6.244226
-0.42335 0.824414 6.318559
-0.373324 0.412557 6.29882
-1.142009 1.220504 3.627831
-1.048022 1.531493 3.947693
-1.330335 0.916461 3.883962
-1.6394 0.002 2.1853
-1.62129 -0.980503 2.383968
-1.834248 -0.157826 2.288324
0.655219 -0.117162 5.323536
0.701817 0.042096 5.310503
0.595871 0.097054 5.347082
0.724837 0.26551 5.141549
0.783412 0.229398 5.171961
0.957405 0.229875 5.081556
1.72807 0.673818 1.638121
1.689358 0.87729 1.790655
1.822768 -0.052084 2.137089
1.086756 1.757782 1.751202
0.834064 1.302736 1.73595
1.021018 1.322483 0.737807
1.249552 0.750442 1.041123
1.0693 -0.532986 1.062836
-0.673568 0.287949 1.292413
-0.462657 -0.066547 1.531589
-0.818429 -0.512825 1.487
0.838564 -0.105098 0.1624
0.934676 -0.088921 0.203522
0.827542 -0.313045 0.09877
0.75112 0.261465 0.130736
0.718913 0.6892 0.276305
0.588336 -0.871117 0.045942
0.131632 0.798376 5.009236
0.100249 0.685529 5.079395
0.190171 0.312543 5.028678
-0.546304 1.201772 5.147879
-0.41518 0.885974 5.122126
-0.582407 1.468839 5.002551
1.65772 -1.137461 3.263019
1.611464 0.987334 3.45441
1.762534 0.432424 3.223717
2.283958 0.66827 4.155333
2.2237 1.6061 4.0237
2.046801 0.638475 4.367734
0.03717 -0.093215 5.568569
0.106708 -0.049271 5.481575
0.125385 -0.014596 5.537322
-0.18505 0.00045 5.7448
-0.267914 0.087976 5.911331
-0.431268 -0.020716 5.670473
-2.6482 -0.4856 4.5979
-2.776248 0.380269 4.389333
-2.603824 0.295124 4.736949
-2.875513 0.794951 2.685902
-2.898036 0.236975 2.78579
-2.605646 -0.106898 1.510825
-2.585364 -0.030239 1.700922
-2.775146 -0.087235 2.04158
-2.738398 -0.02049 1.848929
-2.74132 -0.601457 1.97666
-2.535134 0.733237 1.62151
-2.54039 0.578943 1.450278
-2.611699 0.427626 1.653823
-2.761907 1.216462 2.586992
-2.649548 1.365551 3.02011
-2.665347 0.554291 2.652301
-0.643461 0.550478 5.521386
-1.003113 0.382339 5.337078
-0.884294 0.148445 5.340903
-0.892065 0.308971 5.370261
-2.836 -0.322189 4.275217
-2.905465 -0.188564 4.074393
-2.904028 -0.115 3.852728
-2.261337 -0.391253 4.111006
-2.504369 0.145115 4.100639
-2.204539 1.276503 3.878214
0.671005 2.399985 2.828347
0.673242 0.291457 2.638426
1.358342 1.414584 3.552493
1.494613 1.182039 3.263497
2.034345 0.737089 2.091356
1.840123 0.022248 1.53095
1.896945 0.425013 1.882741
2.381825 -0.274476 2.352406
2.130595 -0.010975 1.782727
2.284811 0.113234 2.237415
-2.372449 1.859927 3.337901
-2.168618 0.392176 3.203333
-2.321575 2.095877 3.059782
-1.310841 1.800041 3.449998
-1.519183 -1.360949 3.344888
-1.478505 1.69465 3.483712
-1.364856 -1.258039 2.668719
-1.148063 1.173916 2.451009
-1.269166 -2.032841 2.326461
-1.182375 0.163692 1.580466
-1.159947 1.782608 1.776371
-1.0017 0.0233 1.55215
0.299443 -1.132574 5.198236
0.315354 -0.905997 5.232485
0.07032 -0.640631 5.235211
1.161983 -0.535401 5.348635
0.762171 -0.245241 5.320887
1.042614 -0.265986 5.337512
-1.294906 -0.054542 0.164645
-1.571721 -0.688286 0.247871
-1.483394 0.444936 0.173153
-0.063062 -0.853272 0.002103
-0.074542 0.675527 0.026237
-0.273655 0.296787 0.017029
0.678427 0.398027 5.181263
0.589318 0.206692 5.291576
0.642539 0.286065 5.288078
0.848781 0.026282 4.985625
0.994008 1.011489 4.90378
0.816535 0.574285 4.959486
1.48411 -0.901995 1.016008
1.43227 0.262654 0.939397
1.402154 -0.106464 1.024197
0.713511 1.721067 1.077451
0.537725 -1.544746 1.207749
0.745316 1.340885 1.291286
0.466554 2.324184 2.159153
0.665561 -0.520707 2.316843
0.561658 0.688686 2.133212
-0.096136 1.045657 1.598297
0.073119 1.652806 1.696032
0.063102 -0.051448 1.567735
-0.466666 0.034725 3.746164
-0.605801 -0.637128 3.547701
-0.638745 0.848391 3.887197
0.070602 0.800549 4.885086
0.13407 1.610769 4.79838
-0.173782 -0.952773 4.930612
-1.940877 -0.895421 2.490036
-1.81835 -1.8775 2.66155
-1.914346 -1.583431 2.759739
-2.467367 -0.491967 2.929961
-2.396313 1.096755 2.760322
-2.20066 -1.00419 2.967418
-2.198817 1.707703 4.097595
-2.084259 1.968721 3.933058
-2.278963 1.939404 3.830999
-2.051901 -0.728744 3.624624
-0.416024 0.610353 6.611512
-0.432363 0.47724 6.447583
-0.570172 0.446542 6.577083
-0.487819 -0.134043 6.516516
-0.297658 0.165128 6.412539
-0.442183 0.054602 6.63956
-1.4749 -1.288163 4.740119
-1.281709 -1.623651 4.891692
0.350602 0.386195 5.001675
0.574125 0.681318 4.678041
0.790899 0.675937 4.919607
2.521354 0.010803 3.836166
2.5978 -0.34925 3.87985
2.608711 -0.092406 3.580578
1.654 0.685 4.8465
1.81426 0.297294 4.820132
2.038441 -0.23205 4.630385
-0.49165 -0.00255 0.48815
-0.115962 0.956431 0.654388
-0.422721 -1.603908 0.749672
-0.228911 -0.628975 1.544043
-0.077922 -1.790617 1.335503
-0.053852 -1.847464 1.540025
0.421577 -0.94116 2.342641
0.558714 0.669037 2.082457
0.653236 0.804975 2.412976
0.471115 -0.06164 1.583642
0.264636 0.713513 1.763483
0.180932 -1.570383 1.469684
1.340559 -1.515469 3.691665
1.046064 0.328151 3.374955
1.890585 -1.751699 2.565125
2.0723 0.0698 2.5093
2.02587 -1.623689 2.895871
-2.706325 0.518869 1.720361
-2.769536 0.475315 2.009617
-2.774148 0.295756 1.96214
-2.826648 0.610382 2.179114
-2.82601 0.342988 2.260102
-2.861137 0.532924 2.351159
-0.399172 0.279981 6.303972
-0.182346 0.099248 5.917469
-0.234202 0.01738 6.069327
-2.629192 -0.354508 4.704444
-2.78259 -0.710882 4.09087
-2.550585 -0.24192 4.610293
-1.0586 0.0703 5.2366
-0.848095 -0.083076 5.303097
-1.042428 0.001894 5.262002
-0.019961 1.770858 1.201541
-0.140914 2.21371 1.258561
0.048005 1.687649 1.28942
2.438328 0.021283 2.630013
2.492321 -0.318995 2.718097
2.239719 -0.803089 2.837401
2.450712 0.105757 3.177454
2.292509 -0.805783 3.138629
0.143505 -0.337586 6.394907
0.12826 0.485698 6.348573
-0.011489 0.190187 6.578959
-0.160576 -0.351324 5.958683
-0.1523 0.667558 5.804978
-0.240756 0.466768 5.760589
-0.707876 0.98865 2.063365
-0.873504 -0.719936 2.100001
-0.737466 2.164825 2.210297
-0.2791 2.7456 2.1692
-0.436932 1.023466 2.199656
0.857456 2.017191 2.704842
0.84265 -0.08825 2.9069
0.926435 2.360066 2.82125
1.324772 -1.974478 2.762287
1.1213 2.2252 2.4896
1.1846 0.07935 2.79645
-0.351 2.99035 3.4398
-0.362139 0.139876 3.126968
-0.848138 2.789188 2.889421
-0.83365 0.015 2.793
-1.797823 -0.300224 2.08406
-1.681138 -1.297863 1.962001
-1.372547 -1.203852 1.424002
-1.486196 -0.521076 1.271412
-1.182845 -1.950321 1.187015
1.291016 0.512951 0.559011
1.210745 -0.137875 0.417748
1.19072 -0.087483 0.429634
0.902175 -0.22392 0.166556
0.764965 0.059562 0.126043
0.741798 0.082917 0.101885
-2.406572 -0.958571 1.142503
-2.271757 1.047111 1.065488
-2.380881 0.869274 1.034181
-2.487633 -0.199061 1.14981
-2.572943 0.581276 1.264675
-2.511439 -0.050723 1.083041
-1.714848 -0.274342 0.280942
-1.84309 -0.027228 0.357571
-1.826602 -0.406148 0.314485
-2.071269 0.075536 0.472009
-2.125482 0.110317 0.556179
-2.209816 0.179282 0.648754
1.263129 -0.237407 1.885816
0.800784 -1.196434 0.879988
0.913127 0.148033 1.100896
0.776777 -1.819789 1.228164
0.801682 -0.795667 4.600757
0.619226 -0.395926 4.634926
0.549432 -0.192506 4.749147
0.593447 -0.625453 5.007819
0.783455 0.664598 4.932737
0.547298 0.641829 4.962379
-0.276831 -1.411238 3.156829
-0.484855 0.883249 3.60158
-0.675778 -1.666627 3.37356
-0.785918 -2.23156 2.289364
-0.69937 0.486166 2.571653
-1.083954 -0.539138 2.461406
-1.43678 -0.135097 5.300042
-1.528135 -0.503832 5.274937
-1.237306 0.25833 5.289622
-2.404625 0.400806 5.083601
-2.544582 0.438521 4.971265
-2.230379 -0.266415 5.246037
-0.5384 -0.0437 0.44345
-0.621924 0.45448 0.645542
-0.775985 -1.27625 0.526656
-0.440353 -0.265083 0.137527
-0.572905 0.222118 0.114524
-0.467 -0.865824 0.066338
0.397602 -0.095058 2.246526
0.424122 0.030087 2.419678
0.555179 0.133243 2.385919
-0.240744 0.82903 1.874164
-0.050135 -0.709414 1.928794
0.161527 0.455821 5.325908
1.42377 0.050976 0.74186
1.474704 0.265915 0.788061
2.000423 -0.553485 1.781243
0.890664 2.419902 3.253173
1.034889 1.876182 3.190733
0.862557 0.47099 2.989632
0.825742 1.016737 3.876657
0.915143 0.515733 4.058016
0.972752 0.451851 3.762785
-0.682295 0.746043 5.350556
-0.629004 0.661784 5.383546
-0.592401 0.77686 5.337027
-2.04313 0.867482 5.373246
-1.929096 0.676459 5.329896
-1.520092 0.323572 5.420132
2.522227 0.72111 4.270315
2.296497 -0.63809 3.96273
0.757431 -0.097891 5.231452
0.839574 0.016162 5.276433
1.010712 0.111863 5.197346
-0.487193 0.020212 5.385439
-0.259316 -0.02404 5.649426
-0.49018 -0.103964 5.601327
-0.401618 -0.117214 5.56749
1.003962 1.245496 0.496654
1.094161 -0.27299 0.652978
1.217556 -0.090028 0.738902
1.232178 0.257719 0.864477
1.284621 1.240602 0.836223
-1.55345 -0.00245 1.6633
-1.383228 -0.645948 1.632616
-1.59843 0.395195 1.565774
-1.328472 1.568595 0.748026
-1.136327 0.627856 0.715928
-1.099171 0.155847 0.377178
-2.951261 0.114246 3.4359
-2.930233 -0.001231 3.135871
-2.904224 -0.325001 3.302084
-2.972291 0.006107 3.55242
-2.95252 0.337324 3.646691
-2.967119 -0.253724 3.455555
0.500235 1.397305 4.45001
0.707562 0.479353 4.118651
0.438523 0.184125 4.023057
-0.142113 -0.629017 4.66354
0.131185 0.541472 4.667901
-0.029524 0.66218 4.475429
-1.5962 0.516491 3.317567
-1.627897 -0.872671 3.643554
-1.736617 -0.228426 3.400203
-1.970977 -1.449935 4.119248
1.904148 -1.457622 2.850699
1.847275 0.091557 2.621029
1.530013 -0.819984 2.15989
1.695866 0.837529 2.060719
1.52935 -1.248272 1.850791
1.36346 -0.731305 5.361124
0.844314 -1.619219 5.069062
0.75204 0.553019 5.170557
-1.570926 2.064354 3.920368
-1.684711 2.494607 3.776983
-1.706131 2.422482 4.063032
-1.782654 1.659539 5.065317
-1.776705 1.618714 4.703974
-1.996027 1.693299 4.622856
0.521307 2.088267 1.576987
0.685323 0.894938 1.44406
0.38705 2.3213 1.47885
0.437231 0.034348 1.719521
0.527157 -0.21955 1.650767
0.395152 2.289801 1.614595
1.258137 -0.082314 0.480305
1.05199 -0.297601 0.29488
1.123135 -0.068183 0.380043
0.863617 -1.021568 0.654445
0.92972 -0.541596 0.406683
-2.779706 1.487707 4.164768
-2.71659 0.527771 3.984681
-2.879722 0.476347 4.075049
-2.920722 0.41326 3.830377
-2.875814 -0.283188 4.023643
-0.2693 0.05265 5.2256
-0.302855 -0.409948 5.240396
-0.666628 -0.168059 5.225384
-0.922602 0.087105 5.204807
-1.067496 0.204449 5.162234
-1.028691 -0.574191 5.176159
0.733445 -0.383067 0.059204
0.813649 0.417475 0.09357
0.391494 -0.197695 0.03074
1.032698 -0.734461 0.355103
1.118293 0.489408 0.45302
1.112022 0.69711 0.371479
-2.039846 -1.358207 2.059226
-2.058134 -0.936165 1.895497
-1.920247 -0.206888 1.833315
-2.199957 -1.252484 1.321177
-2.268529 0.05658 1.422131
-2.246336 -1.07481 1.234732
-0.7979 -0.0285 2.73285
-0.6748 -0.01165 2.91975
-0.686898 -1.637646 3.002873
-1.486757 -1.070893 3.103675
-1.753549 -1.19515 3.123338
-1.614466 1.00932 2.807341
-1.688898 -1.768662 2.28985
-1.568837 1.182744 2.696879
-1.445844 -0.289107 2.260639
-1.81442 2.512663 3.324501
-1.671468 0.658667 3.523911
2.085123 -1.360116 3.940526
2.175 -1.664 3.7034
-1.611734 -0.522272 0.376008
-1.61392 -0.398829 0.543233
-0.840496 0.690899 0.390149
-0.752186 -1.066819 0.254486
-0.608964 -0.047262 0.319386
1.381072 -1.261067 3.023542
1.68861 1.573689 2.829863
1.806835 -0.739284 3.290978
0.782578 -1.891261 2.040604
0.888812 -1.29581 2.411566
0.204873 -0.108157 5.482948
0.516767 -0.432204 5.305368
0.8486 -0.6294 5.3163
0.51093 0.08752 5.316374
1.966649 -0.121045 1.432605
1.676282 0.245205 1.059852
1.817514 0.029457 1.259048
1.707558 0.338356 1.075631
-2.418491 -0.269675 1.07218
-2.511342 -0.39414 1.215625
-2.386436 -0.146675 0.925508
-2.385501 0.377577 0.922601
-2.35845 -0.234849 0.951966
-2.421341 0.098074 1.047454
-0.378257 -0.036776 6.750537
-0.48695 -0.0634 6.7575
-0.3744 -0.06055 6.74895
-0.108805 -0.237107 6.475097
-0.007476 0.439457 6.506436
-0.150788 -0.098535 6.612194
0.75955 -0.355622 5.089814
0.717543 0.064371 5.134194
0.887325 0.219844 5.078782
1.593441 0.838443 4.747864
1.2607 -0.50945 4.90805
-2.569437 0.037142 2.907167
-2.07705 -0.02035 1.8025
-0.15805 0.0259 6.47875
-0.292415 -0.249125 6.545351
-0.169729 0.903164 6.615604
-0.132618 0.624325 6.198509
-0.04661 0.847652 6.078233
-0.072429 0.840696 6.058599
-0.454064 -0.996126 1.645422
-0.305231 1.86823 1.770918
-0.60435 0.206325 2.224925
-0.502649 2.431532 2.082072
0.510666 0.487092 0.943562
0.680452 0.48881 0.87196
0.620906 -0.606221 1.103083
0.047595 1.254991 0.636659
0.274448 -1.18953 0.406992
0.231786 -1.195674 0.756726
-0.130283 0.376569 0.001176
-0.342141 -0.429948 0.005837
-0.163077 -0.503645 0.000641
-0.211028 0.703486 0.006797
-0.304587 0.734306 0.009178
0.1812 0.36335 0.0071
-0.743582 0.142423 5.442472
-0.70755 0.66235 5.4869
-0.702754 0.261989 5.487443
-0.374335 0.200063 5.757847
-0.495826 0.187606 5.638761
-0.534189 0.102783 5.635148
0.52291 -0.037943 5.313922
0.508569 0.61193 5.399063
0.364277 0.681927 5.196599
0.229584 0.458787 5.245794
0.433615 0.72504 5.270421
0.231162 -0.229335 0.002668
0.07685 -0.12365 0.0032
0.765477 -0.024034 0.005539
0.88 0.1787 0.0163
0.7882 -0.9604 0.0043
0.125218 0.927056 5.27639
0.033179 0.883903 5.279221
0.046139 -0.384299 5.355193
0.065749 -0.636669 4.950643
-0.075233 0.467199 5.048998
0.001562 0.484387 5.095297
-2.702327 -0.46552 2.414904
-2.778872 0.118818 2.129753
-2.810282 0.532728 2.225181
-2.930081 -0.096155 3.643899
-2.131719 -0.988533 3.558884
-2.413179 -0.14357 3.732088
-2.457228 0.40417 3.389977
-0.212743 0.510041 5.319556
-0.253545 0.323444 5.254848
-0.353877 -0.486766 5.29787
-0.384611 0.786091 5.540339
-1.921592 -0.52602 1.495373
-1.848287 -1.278993 1.651914
-2.071176 -0.602177 1.711447
-1.738981 -0.876602 1.069526
-1.881595 -0.460479 1.05214
-1.723233 0.00144 0.810784
1.142457 0.513716 4.700199
0.864728 -1.585987 4.312601
1.032363 -1.57015 4.012502
1.407656 -1.704603 4.031791
1.257589 -1.538219 4.325803
1.768 2.02715 3.0953
1.6284 -2.1151 3.2549
2.233884 0.424599 2.997314
1.5979 -0.1134 0.869
1.807054 0.042613 1.16484
1.807948 -0.100254 1.124182
1.48835 -1.221185 0.984386
-1.441592 0.024203 5.180996
-1.549782 0.022497 5.137009
-1.20365 -0.17565 5.1989
-1.172845 -0.456323 5.115259
0.668657 -0.202166 5.211662
0.458388 -0.132312 5.565959
0.515415 -0.275881 5.484236
-2.634737 0.71961 1.373464
-2.5693 1.0458 1.1829
-2.600842 0.556435 1.254949
-2.70326 0.954191 1.663356
-2.691704 0.64581 1.574738
1.263116 0.861302 1.499258
1.310015 -0.647329 1.332039
1.18112 1.23831 1.350573
1.189881 -0.536059 0.988412
1.158671 -1.019735 1.179745
1.26081 0.699685 1.160261
0.046683 0.633896 5.577796
0.150174 0.616098 5.831809
0.143 0.899 6.03035
0.233577 0.688468 5.893126
-1.19145 -0.423818 5.387583
-1.051837 0.444152 5.422588
-1.415222 0.71453 5.463752
-1.299469 0.744981 5.30438
-0.981977 0.13723 5.314286
-1.17495 2.07775 5.2036
0.150439 -0.593974 5.263229
0.319215 -0.08984 5.284131
0.014359 0.20171 5.284989
-0.1694 -0.67175 5.2797
-0.000808 -0.108126 5.266593
-2.434982 0.443956 0.920128
0.334025 -2.327028 2.011112
0.152775 -1.141977 1.924721
-0.792909 -1.430832 1.682611
2.494443 -0.268717 4.371913
2.416178 0.056679 4.183023
2.169538 0.072922 4.592501
2.316878 -0.303646 4.67259
2.0076 -0.173879 5.01882
2.341226 0.092789 4.759916
-2.908515 0.068427 2.649367
-2.876381 0.125017 2.434973
-2.964686 -0.246393 3.267382
-2.959992 -0.018137 3.477113
-2.9627 0.3099 3.20445
-1.28605 2.2651 1.65195
-1.611512 -0.173891 2.017332
0.493515 0.15798 5.471176
0.408867 -0.022593 5.578294
0.357253 0.002713 5.565882
0.098565 -0.027233 5.610381
0.112368 0.080964 5.798132
0.001632 0.041273 5.711781
-1.325339 -0.025538 5.225836
-1.73002 0.236523 5.215143
-1.705203 -0.178822 5.183477
-1.271609 -0.313745 5.259721
2.254624 -0.908086 2.431387
2.360702 -0.875252 2.824454
2.229469 -1.169174 2.644376
2.043415 -0.568952 1.754282
0.034925 1.755994 2.193828
0.015518 0.994692 2.036163
-0.08653 -0.050476 2.072121
0.118111 2.447604 2.768001
0.261372 -0.076927 2.664896
0.061881 1.987623 2.568527
-0.716847 0.088678 5.515479
-0.624474 0.18597 5.568725
-0.667135 -0.034563 5.540222
-0.722039 -0.021136 5.500073
-0.609565 -0.046172 5.556255
-0.711905 0.291034 5.522667
-0.209184 0.386539 6.716433
-0.181123 0.428014 6.709822
-0.119453 0.405202 6.646796
-0.271316 0.753246 6.722953
-0.326228 0.484457 6.75404
-0.346629 0.060856 6.740671
1.471011 -0.847841 4.471185
1.624018 -0.301549 4.668251
1.753942 0.181079 4.534222
-0.878989 -1.679956 0.887532
-0.8927 -0.536912 0.644033
-0.894818 -1.025112 1.196471
-0.11248 1.76207 3.154087
0.133767 1.972626 2.886709
0.260598 -0.430701 3.003072
0.24375 2.90555 2.8091
0.400841 0.716487 0.958187
0.295948 1.886517 0.886118
0.199259 1.561526 0.958446
0.609853 -0.648787 0.415818
2.356819 -0.34734 2.955929
2.378619 -0.761205 2.908944
2.270282 0.461252 2.758016
2.15955 0.7203 2.18495
2.255776 -0.06077 2.447413
2.194851 0.322019 2.192431
-0.34584 0.18174 5.681157
-0.33196 0.523583 5.771992
-0.198174 0.501024 5.982234
-0.306807 -0.161269 6.108171
-0.244061 0.552772 6.16473
-0.187097 0.900106 1.175935
-0.265977 1.40845 1.252995
-0.422505 2.051151 1.466739
1.486854 0.298793 5.402397
1.639398 -0.317169 5.298335
1.422206 0.262995 5.338728
1.061492 -0.041118 5.267498
1.409971 -0.069829 5.246097
-1.736658 0.073943 0.106464
-1.940443 0.247248 0.16333
-2.067281 0.768684 0.144817
-1.987026 0.084355 0.439867
-1.941192 -0.149373 0.358747
0.579342 -0.338119 0.003401
0.412944 0.162182 0.002894
0.435593 0.225566 0.003174
0.679147 -0.161213 0.063161
0.680782 -0.02857 0.086501
0.093559 -0.707968 4.344294
-0.166108 -0.154665 4.125747
-1.240329 0.016037 4.16756
-2.146696 -0.559902 2.703463
-2.505827 -1.035119 2.431643
-2.612001 0.078675 2.498921
-2.6287 -1.0588 2.29
0.358949 -0.458702 1.384476
0.633738 -1.599774 1.321743
0.982892 -1.299765 2.134007
1.142349 -1.985232 2.086304
1.089247 -1.344615 2.409892
1.526287 0.258818 0.71454
1.598233 0.275531 0.838629
1.726922 -0.821508 1.074928
1.318362 -0.276377 0.494884
1.4113 -0.22345 0.64855
-2.585412 -0.173539 1.39681
-2.502791 0.020802 1.269386
-2.420665 0.13021 1.057571
-2.78187 0.029647 1.989318
-2.729662 -0.175446 1.818598
-2.403388 1.690403 1.89919
-2.51965 1.631632 2.104661
-2.409781 -0.634663 2.047913
-2.55132 0.756493 1.903551
-2.444868 1.309444 1.712915
-2.599362 0.830939 1.805963
-2.048195 -0.250094 5.193337
-2.269214 0.217104 5.058569
-2.159702 0.078002 5.052509
-2.76495 0.0105 4.3871
-2.79693 0.385866 4.306666
2.412066 0.118759 3.309504
2.503536 0.368226 3.439548
-1.291781 -0.002243 4.997646
-0.713909 -0.60514 5.221314
1.527981 1.403575 2.798188
1.613604 0.382226 2.679216
1.20025 -0.1221 1.9424
1.348005 0.152115 1.844193
-1.079744 -0.486934 0.112855
-0.884985 -0.304321 0.101256
-1.265781 -0.48847 0.192817
-1.426741 -0.453157 0.253338
-1.113789 -0.77095 0.186201
-1.241982 -1.031867 0.269343
-0.787937 0.897386 5.39769
-0.858963 -0.2346 5.374556
-0.862858 -0.123926 5.395605
-0.720059 -0.158717 5.46822
-0.806092 -0.395702 5.426297
-0.794923 -0.044679 5.392103
-1.811067 -0.532485 5.112619
-1.825789 -0.341599 5.129877
-2.205166 0.336567 5.073411
-1.22717 -0.221561 5.050762
-1.633332 -0.869232 5.079953
-1.527843 0.644395 4.890961
-0.568442 1.68768 2.808648
-0.5655 0.024 2.5672
-0.682175 -1.178213 2.548415
-0.5579 -2.4921 4.603
-0.343939 2.505372 4.418307
-0.434438 -1.563604 4.03776
-1.004902 -0.336915 4.724821
-0.867265 1.540522 4.486583
-0.900491 0.539361 4.194408
-1.593983 1.98747 1.393566
-1.366112 1.016372 1.427276
-1.60735 2.0341 1.3724
-2.129873 0.360766 1.137929
-2.246667 1.472286 1.227383
-2.051634 1.221306 1.225108
-0.999276 0.695002 2.02067
-0.809599 2.048007 1.942776
-0.992516 2.169675 1.860608
-0.586384 0.584214 1.416466
-0.658634 -1.814191 1.488571
-0.609807 -0.776467 1.592249
-0.5143 1.0767 6.7689
-0.609991 0.683491 6.695871
-0.501339 -0.094342 6.357081
-0.389001 0.465165 6.191018
-0.6323 0.8071 6.5889
1.362496 0.283859 0.80769
1.283056 0.650712 0.747586
1.208482 0.429058 0.538299
-2.883067 0.728331 4.05704
-2.911181 0.880131 3.984
-2.87002 0.203174 4.180868
-2.957494 0.218738 3.462547
-2.9578 0.03415 3.40225
2.349236 0.390441 3.782701
2.190786 0.462186 3.174113
2.160356 0.115689 3.297871
2.295782 0.692528 3.448066
1.925 -1.7793 2.6846
1.908072 -1.344418 3.098508
1.34508 -1.842968 2.253439
-2.728135 0.580924 1.729174
-2.791074 0.105997 2.018316
-2.710473 0.131991 1.947435
-2.715273 -0.211699 2.131367
1.1302 2.34385 3.09435
1.144781 -0.739679 3.217369
1.280725 1.501291 3.168113
1.369723 1.092593 2.88581
1.16519 0.053909 2.838487
0.849958 2.085469 3.69544
0.990273 1.319415 3.450444
1.239889 0.353962 3.38755
-2.600067 1.6037 3.904691
-2.623925 1.037309 3.587396
-2.738828 0.853061 3.773552
-2.326546 -0.167159 3.446167
-2.354092 -1.123444 3.6287
-2.176542 2.089488 3.449157
-0.019403 0.944677 5.207549
0.062825 0.521036 5.140554
1.221324 0.766119 4.452522
1.321815 -0.525016 4.642806
0.957516 1.178241 4.882607
-0.165354 -2.056055 2.811968
-0.387882 0.489207 2.842314
-0.248545 0.188363 5.036559
-0.340601 1.041896 5.09251
-0.263798 0.753579 5.092207
-0.287243 -0.488176 5.137759
-0.190781 -0.1178 5.512636
-0.223291 -0.110304 5.557204
-0.321662 0.009026 5.466336
-0.04295 0.008232 5.624878
-1.082875 -1.60705 0.546131
-1.34737 -0.839448 0.337628
-2.395232 -1.21674 2.276114
-2.491663 1.313854 2.414022
-2.378834 1.855931 2.642419
-2.223499 1.275981 2.638114
-2.269942 -1.06002 2.331378
-0.023962 -0.940738 1.857917
-0.04315 0.0392 2.07215
-0.272361 0.876331 2.01445
-0.197728 -1.53529 2.199921
-0.349754 -1.619622 2.481896
-0.3572 0.0054 2.24175
2.003847 -0.561434 2.779391
1.972378 0.561822 2.875331
2.023066 1.760433 3.025559
2.074245 0.624499 2.887711
1.346869 0.069482 5.117108
1.473274 -0.02686 5.044991
1.390328 0.286431 5.007728
1.188607 0.185325 5.094597
0.669514 0.001767 5.252293
0.604772 0.111375 5.346047
0.653537 0.022775 5.303855
0.492904 0.105443 5.501574
-1.749032 -0.584221 2.69371
-1.701712 2.320287 2.926807
-2.144918 1.372944 2.872368
1.280664 -0.516638 0.429345
1.185381 -0.263705 0.310042
1.3583 -0.0382 0.48665
0.941985 -0.828569 0.067088
0.800651 -0.852109 0.009572
1.00911 0.715516 0.259978
0.695925 0.026524 0.077505
-2.343138 -0.410274 0.867265
-2.283355 -0.61091 0.831223
-2.127395 0.666529 0.851439
-2.002825 -0.956668 0.700288
-1.992108 -1.038157 0.809123
-1.248587 2.597353 3.119786
-1.260553 -0.556887 3.286573
-1.045264 2.204545 3.237462
-0.971634 0.972794 3.613002
-1.232919 1.562959 3.739514
-1.071461 -0.795084 3.927897
1.83087 -1.077315 1.760047
1.784255 -0.190453 1.445045
1.946933 0.508978 1.854152
1.930129 -1.583822 2.38201
1.926667 -1.087645 2.078701
-0.74892 0.440212 5.460489
-0.885 0.6192 5.3283
-0.84367 0.475721 5.32423
1.803949 -0.144812 1.192445
1.680859 -0.24748 1.006619
-0.87093 -0.850415 1.328103
-1.032304 0.159037 1.362468
-1.383787 1.941842 1.322269
-2.876372 0.011667 2.501679
-2.856139 -0.057874 2.409342
-2.729306 0.181926 1.885037
-2.69825 -0.128459 1.762503
-2.790146 -0.084274 2.025474
-2.585429 0.158047 1.353343
-2.605935 0.776929 1.508539
-2.432186 1.11512 0.99418
-2.495339 -0.391272 1.148504
-2.381044 0.526681 0.812978
-2.444884 -0.203443 0.856189
-2.434163 0.617595 0.797694
-2.562333 0.721894 1.118147
-2.532903 0.255418 1.114058
-2.49815 0.89555 0.94155
-0.346679 -0.135528 5.847581
-0.338864 0.247689 5.841702
-0.395312 0.079487 6.197874
-0.509133 0.209264 6.417977
0.582227 -0.26007 5.351242
0.618213 0.265791 5.345551
0.656367 0.208058 5.262703
0.579307 -0.002227 5.394089
1.327965 -0.075852 0.572718
1.227181 -0.087207 0.454253
1.03205 0.15715 0.2737
0.87978 -0.084178 0.197693
1.04657 -0.169559 0.280215
-0.8065 0.0527 0.09325
-0.737665 -0.316707 0.061461
-0.610145 -0.747688 0.047495
-1.485802 -0.66818 3.339067
-1.376904 1.101152 3.511486
-1.507882 -0.201073 3.784115
-1.177835 1.77698 2.757803
-1.136487 0.40707 3.091015
-1.4013 2.2401 2.8895
-2.501407 -0.861602 4.47456
-1.498319 0.341041 5.139718
-1.49275 -0.116724 5.330572
-2.604684 -0.126915 2.745541
-2.710669 -0.475663 2.956331
-2.834388 -0.84788 3.572717
-2.77988 -0.582187 3.186048
-2.696432 0.256734 1.762036
-2.65928 -0.623944 1.785164
2.6196 -0.03275 3.58075
2.414691 -0.704186 2.702579
-0.796053 -0.078929 5.455599
-0.810877 0.28049 5.466514
-0.868416 0.017894 5.266078
-0.668351 -0.021248 5.322425
-0.722155 0.003213 5.312048
-2.249219 -0.198962 3.228994
0.594061 1.777091 3.349458
0.770989 2.106303 3.486432
-0.16126 -0.037429 1.104403
-0.070669 0.719246 1.034315
-0.133646 1.052525 0.933557
0.103751 -1.054085 0.856043
-2.549236 0.174518 1.264763
-2.283103 -0.083987 0.807871
-2.154967 0.190364 0.611598
-0.832212 -0.192903 0.904509
-0.644972 0.03433 1.115328
-0.459261 1.075545 1.107092
-0.653383 0.128403 1.381393
-1.741067 0.370066 5.290744
-1.772932 0.553864 5.231936
-1.48773 0.420232 5.378989
-1.247413 0.568631 5.350408
1.119882 -0.492589 1.563267
0.986286 -1.807088 1.698285
0.852438 -1.49974 1.457401
0.727089 -0.520604 1.567029
0.894854 -1.74538 1.865763
0.0324 -0.0416 6.2049
-0.114835 0.958398 6.34383
0.010497 0.752948 6.307729
-1.765514 -0.287892 1.472377
-1.293514 0.409975 1.505086
-1.5657 0.0157 1.77505
-1.556544 -0.710844 1.526517
-1.4187 -0.0565 2.43785
-1.399437 -2.065065 2.1887
-1.322829 -1.001564 2.423587
-1.550448 -0.143756 2.646937
-1.565069 -0.97723 2.528852
-1.427775 0.300833 2.607479
-2.281013 -0.222074 2.182083
0.504443 0.621135 4.850141
0.47331 -0.208979 4.946003
0.712235 0.402722 4.807384
0.184012 0.527475 5.076421
0.806265 0.689166 1.8934
0.5034 2.5296 2.0504
0.519604 -2.317022 1.758375
0.509339 0.048094 1.880595
-0.140156 -0.299404 3.567121
-0.023682 -0.153392 3.368853
0.261285 1.223944 4.497908
0.025344 1.57628 4.091489
0.177417 -0.205916 5.409662
0.200491 -0.246491 5.300084
0.085825 -0.273787 5.301054
1.178711 -0.423369 5.307194
1.315452 -0.813602 5.252499
0.26509 -0.111144 6.123569
0.240375 0.136849 5.960701
0.304639 -0.032893 6.005382
0.17682 -0.136511 5.919382
0.228418 -0.005532 5.625004
0.277956 0.233166 5.781938
0.954657 -0.492076 2.5628
1.007357 2.232757 2.642722
1.108636 0.768843 2.627195
0.7478 -0.1783 2.22455
0.694171 1.829862 2.082064
0.757574 1.038495 2.28902
-0.281536 -1.878642 4.659173
-0.764297 0.802257 4.848149
-0.928157 0.298844 4.97213
2.068108 0.182094 4.617849
2.321552 -0.156424 4.166423
2.437601 0.794347 3.825036
2.396005 0.735455 3.700041
0.508619 -0.503312 0.00432
0.48548 -0.727402 0.005403
0.377855 -0.302231 0.003579
0.561679 0.277683 0.003186
0.3062 0.015959 0.002359
-0.748363 0.594156 1.672446
-0.59077 0.68517 1.929188
-0.620997 2.033339 1.734649
-0.744619 1.158082 1.851846
0.500037 0.192054 5.042185
0.581502 -0.674562 5.055733
0.700143 -0.015625 5.013203
0.42494 0.397097 5.017817
0.337129 1.011487 5.052029
0.344681 1.954476 1.883329
0.19775 0.235786 1.615007
0.004422 2.041413 3.032414
-0.071472 2.119073 2.769721
-0.244262 1.920648 2.97522
-0.363693 2.606696 2.757401
1.956367 1.215855 2.15444
1.891077 1.052094 2.191859
1.915219 1.096568 2.400587
2.007601 0.174349 2.430284
-2.951159 -0.088825 3.708627
-2.932 -0.038768 3.847068
0.230867 2.47821 4.129345
0.432351 -0.03991 4.729055
-0.5376 1.0792 6.4335
-0.177918 -0.500267 6.15537
-1.995823 -0.239002 5.127963
-2.43454 -0.009302 4.96881
-2.315743 0.002699 5.023716
-2.0425 0.5232 5.1163
-2.837512 -0.28124 2.547539
-2.834004 0.379804 2.352015
-2.901966 0.421262 2.664307
-2.789122 0.316139 2.281956
-2.78531 0.911916 2.173882
1.948392 0.066275 3.907936
1.608638 -0.13821 3.60957
1.791232 -1.57858 4.09497
1.566246 -1.025216 4.463593
-0.158941 0.525589 5.22675
-0.104702 0.419468 5.143681
-0.202434 0.47619 5.128052
-0.58059 -0.072735 5.404359
-0.468927 0.557816 5.429706
-0.517382 -0.023178 5.331421
-0.356137 -0.522475 5.438171
-0.329727 0.206592 5.382007
0.864922 1.734454 0.968994
0.925354 1.506495 0.870354
0.778906 0.825571 0.824012
1.040793 0.454672 1.087104
-1.4128 -2.3715 4.9682
-1.203248 1.705489 4.575716
-0.161331 0.303907 5.640425
-0.14903 0.035526 5.721267
0.002799 -0.107236 5.716104
-0.032054 0.027683 5.90153
-0.070454 0.757214 5.973791
-0.000516 0.633969 5.983199
-0.279012 2.182555 1.16646
-0.390453 -0.272651 1.060805
-1.893756 -0.826474 4.704074
-2.289403 -1.227176 4.460532
-2.221473 0.198132 4.944548
-1.919233 -0.804354 4.917551
-1.812421 -0.222952 5.075227
1.310172 1.212324 1.051101
1.6428 1.4647 1.67615
-1.323867 -0.192239 1.866597
-1.51308 1.336891 1.919093
-1.359843 -0.64201 2.028798
-1.157653 0.708931 1.890038
0.382449 -0.074927 5.403505
0.303274 0.001714 5.459733
0.256041 -0.128721 5.415416
0.522518 -0.110345 5.425018
0.526266 -0.0287 5.373348
1.43307 -0.37486 0.835123
1.511898 0.244095 0.892491
1.742167 0.560505 1.444348
0.927575 0.825252 4.989463
1.029802 0.62145 4.92719
0.903603 0.562031 5.059166
-2.511644 0.696161 3.25302
-2.706263 0.083427 3.390739
0.463218 0.344192 5.339598
0.330822 0.825886 5.308867
-1.027935 -2.020715 4.246458
-0.762911 -1.49607 4.043428
-0.817263 -0.14643 4.36579
-0.916295 -1.348275 4.934452
-1.144475 -0.746762 4.526638
-0.731317 0.26552 4.583972
-2.092384 -0.6567 0.705619
-1.283843 0.702755 1.688336
-1.357174 1.760635 1.919721
-1.089432 -0.460005 1.773901
-1.18836 -0.330783 5.147921
-0.891455 -0.071372 5.272604
-0.317186 -0.209566 0.465683
-0.477835 0.317742 0.180896
-0.534718 -1.256539 0.215684
1.325871 1.518994 3.853822
1.455794 1.695661 3.957454
1.554285 1.303357 3.697399
1.235601 1.890508 4.237576
1.110997 1.681728 4.157466
1.009002 0.29064 4.345957
0.787974 -0.304379 0.583808
0.26579 0.668344 0.766737
2.107803 0.035226 2.825242
2.296662 -0.909846 3.658155
2.25521 0.219909 2.579625
2.342476 0.548546 2.61067
-0.463633 0.231523 5.238317
-0.848026 -0.371579 5.212356
-0.804708 0.120726 5.225537
-0.517204 -0.466201 5.267291
1.3508 2.0504 2.36745
1.318399 -0.550071 2.555808
1.416396 -0.582867 2.440781
1.44245 1.9407 2.22705
-2.745847 -0.559301 3.402025
-2.633223 -1.166733 3.353818
-2.632106 0.335225 3.573045
1.657139 1.600513 2.404332
1.607188 0.73871 2.57606
1.709188 1.068556 2.562209
1.784856 1.711036 2.455121
1.884189 1.385432 2.51004
0.055777 -1.511413 4.858901
-0.435431 -0.101662 5.133306
-0.789515 -0.500916 5.168608
-0.923124 -0.924514 5.114388
-2.936636 0.036984 2.89037
-2.910775 0.167153 2.683325
-2.967051 0.095666 3.14592
-2.950069 0.141811 3.099047
0.561534 1.264254 3.117045
0.631457 1.516621 2.727185
0.789297 -1.529486 3.081279
0.960131 -0.498583 2.889147
0.881691 0.056848 2.62391
1.196243 -0.841657 2.677164
0.714172 -1.449868 0.411079
0.445406 0.473428 0.629018
-1.963136 2.22466 3.840248
-1.818982 1.816461 3.663019
-1.846798 0.776948 3.84623
0.79594 -0.704374 0.365455
0.79567 1.27889 0.493958
0.916345 0.820669 0.241092
1.0169 0.0533 0.36235
0.95692 -0.106814 0.229989
1.497549 0.739805 0.803372
1.418321 0.008653 0.796298
1.30849 -0.087514 0.607011
0.706894 1.557505 1.612932
0.882759 1.675011 1.56678
0.258154 0.455471 1.287931
0.090037 -0.613728 1.171582
0.448346 -1.434603 1.143144
0.50519 1.429015 3.831502
0.692703 0.801417 3.754776
0.640688 0.265461 5.30372
0.575912 -0.038323 5.398089
-1.030636 0.893677 2.198988
-0.979602 1.639559 2.392313
-0.845498 1.649381 2.256392
-1.087189 -0.0506 2.626604
-0.306789 -0.033303 0.008333
-0.789571 -0.069755 0.032101
-0.599467 0.418275 0.016211
-0.810206 0.037854 0.056998
0.238884 0.985264 5.058404
0.34565 1.2716 4.97075
-0.241747 0.713287 6.685596
-0.364305 0.077677 6.715459
-0.337974 0.442436 6.655769
-0.315011 0.468454 6.558037
-0.441345 0.372737 6.659655
-0.538362 -1.945432 3.153576
-0.739866 2.012821 3.124345
-0.723732 2.063406 3.346006
-0.9723 1.150399 3.387388
-1.133424 0.917402 3.547134
-2.909218 0.434002 3.38374
-2.924801 0.854957 3.539747
-2.847311 0.626819 3.653857
-2.799695 0.036761 2.119075
-2.847552 -0.077321 2.306189
-2.81861 -0.108374 2.162117
0.559342 0.448502 5.253188
0.492001 0.22103 5.181644
0.482311 0.030489 5.267817
0.394495 0.845542 5.124966
1.78128 -0.538803 5.228815
1.537299 0.365205 5.100906
-0.480212 0.321698 5.616707
-0.246731 0.590019 5.690975
-0.281182 0.768861 5.623838
-1.212217 -0.78896 0.420127
-0.986765 -1.055106 0.26417
1.780554 1.456139 4.297576
1.60715 -0.02925 4.0282
1.482779 0.873696 4.215941
1.944773 0.430964 3.513948
1.768275 -0.19684 3.702915
1.918287 1.101757 4.010507
1.512172 -0.253662 4.952449
1.346569 0.45769 4.946026
1.2234 0.4511 5.0224
1.041799 0.481555 5.035449
-0.319814 0.482101 5.852146
-0.2997 -0.0479 5.948
-0.255244 -0.422684 5.869265
-0.350827 0.23339 5.96779
-0.329529 0.324752 5.933157
-0.009326 -1.418785 0.554863
0.149785 -0.692771 0.395152
-0.023849 1.262337 0.228984
-0.227444 1.204406 0.275202
-0.428541 1.510604 0.493709
-0.019635 -0.267101 0.001565
-0.237811 0.637102 0.001138
0.20015 0.04195 0.0047
0.410636 -0.077822 0.00358
0.497296 -0.077638 0.01275
0.313603 0.124294 0.002901
0.362927 2.03934 1.363969
-0.143852 0.296284 1.320384
0.043399 0.594471 1.416029
-0.792241 -0.162712 5.455815
-0.869386 0.068371 5.323422
-0.06276 -0.200821 5.418372
-0.191341 0.762968 5.383348
-0.083639 -0.34166 5.482816
-0.089072 0.250801 5.322055
-2.258746 -0.680779 1.560231
-2.089935 -1.147551 1.518916
0.089764 0.345709 6.359836
0.012159 0.06533 5.83259
-0.045496 0.055821 6.004082
-0.110673 0.019493 5.780307
-0.588551 0.755751 0.066853
-0.462999 -0.263793 0.016763
-0.28286 0.533368 6.723272
-2.267348 0.819222 2.467242
-2.182097 -0.913299 2.543097
-2.318819 -0.472323 2.579721
-2.196639 0.26417 2.309606
-2.033434 -1.187972 2.290908
-2.117695 -0.665534 2.457826
2.197948 -0.825772 4.927468
2.348776 -0.759307 4.670828
2.212155 0.097349 4.530032
2.117516 -0.489056 2.31671
-2.93035 -0.2272 2.8707
-1.639244 -0.178609 0.229339
-1.63022 -0.480469 0.205108
-1.509803 -0.001861 0.166391
-1.813245 -0.137248 0.269075
-1.904408 0.173079 0.303751
-1.446971 -0.124113 0.11429
1.932636 -0.56875 1.485971
1.949895 -0.353159 1.656575
1.841679 -0.450882 1.381644
1.704403 -0.885779 1.191911
-0.629867 0.534136 2.968263
-0.423594 2.109204 2.946831
-1.94015 1.82925 1.15775
2.088017 0.79152 2.444726
2.115604 1.198308 2.619565
-1.786707 -1.211318 1.892802
2.579033 -0.058674 3.343362
2.514805 -0.124722 3.046554
2.593214 -0.417666 3.25826
2.529608 -0.184109 2.971941
-0.047424 0.518115 6.590181
-0.1447 0.9358 6.6862
-0.112802 0.081678 6.65396
-1.697441 0.131756 3.907546
-1.779611 -1.815844 3.571
-1.460417 -0.647506 4.198082
-1.451972 -1.255833 4.029284
0.1968 -0.0384 1.9455
-1.888086 1.591179 3.485243
0.942029 -1.013183 0.928036
0.64915 -0.04455 0.69165
0.580289 -0.808239 0.686692
-1.058363 0.032835 5.294781
-1.089953 -0.037485 5.263716
-2.0075 0.11725 1.3246
1.02931 -0.05658 5.31482
0.835452 -0.022553 5.304276
0.795006 -0.543909 5.033617
0.824956 0.694852 5.047839
0.961888 -0.292155 5.018223
0.59412 0.216801 5.15536
0.694576 0.539215 5.102971
0.641515 -0.176897 5.069518
-0.418991 0.554649 5.026192
-0.352579 1.308822 5.007337
-0.342143 0.450662 4.765292
-0.607197 -1.108799 4.788922
-0.466358 -1.331495 4.92939
-2.72681 0.345959 2.169405
-2.666353 -0.661536 1.964318
-2.641176 -0.682974 2.110127
-2.520169 -0.118594 1.810661
-2.428249 -0.139511 1.879389
-2.570967 0.803055 2.011983
-0.414744 0.079085 5.347337
-0.406304 0.260897 5.180036
-0.484559 0.662084 5.234851
-0.425577 0.114091 5.280288
-0.050518 0.024529 5.603918
0.124251 0.060513 5.741198
1.299307 -0.23547 0.512814
1.159249 0.02893 0.364235
1.129441 0.26787 0.328815
-1.758105 0.439312 0.348938
-0.754058 1.535505 4.106717
-0.802197 2.691993 3.859403
-0.730569 -2.010235 4.335562
-0.618231 2.339029 4.102268
-0.113171 2.008888 2.251316
-0.170715 2.378704 2.102111
-0.286725 1.890826 2.037527
-1.607347 1.81383 3.204077
-1.511738 -0.76123 2.973323
-1.617229 0.533229 3.083794
-2.405882 0.063565 5.006933
-2.239989 0.980057 5.16361
-2.855945 1.10096 4.288999
-2.833287 1.126196 4.23157
2.44672 0.038439 3.304743
2.489656 0.346947 3.58121
2.355036 0.00588 4.183635
-0.143675 1.958168 4.809237
0.380636 1.545933 4.805599
0.310595 1.857363 4.820845
1.624116 0.149621 4.943557
2.096425 -0.025632 4.781157
1.860641 0.03991 5.001903
-1.93589 0.537705 2.533183
-2.0263 0.161121 3.041594
-1.88248 1.72553 2.875794
-1.191476 0.209024 5.300905
1.015579 -0.733895 1.335153
1.361584 -1.125402 0.900461
0.203593 0.586675 2.194738
0.0279 -1.66059 2.436755
-2.57331 -0.085385 1.469833
-2.63792 -0.182006 1.555949
1.498781 -1.530902 2.535998
1.397529 -0.408662 2.692523
1.282693 -2.035384 2.503974
-0.303731 0.332187 6.317392
-0.20386 0.882312 6.293397
1.030435 0.354854 0.240303
0.981726 0.269038 0.205111
1.100403 0.273553 0.314851
1.614088 -1.737504 2.325227
2.124658 0.04462 1.839256
2.023386 0.253146 1.632812
1.987525 0.383958 1.63676
2.062493 0.316256 1.770067
2.112234 -0.813277 3.514448
1.945607 -0.751038 3.091239
1.865883 -1.080645 3.210147
1.978713 -0.520832 3.271496
-1.751839 1.07239 5.340405
-2.242203 -0.851632 4.917653
-2.164173 -1.311791 5.220954
-1.439978 0.86017 5.511382
-1.196517 -0.154731 5.479386
-1.380525 1.13419 5.474357
-0.169965 1.013324 2.000363
0.234904 -1.818005 3.250094
0.50875 -2.4712 3.32205
-1.803638 0.26995 1.419329
-1.82488 0.594433 1.623357
-1.819052 0.940241 1.206002
-1.928205 1.663076 1.274668
-1.78443 1.507865 1.307077
0.333072 0.828815 4.919013
0.390133 -0.544254 4.855137
0.192859 0.188457 4.925451
0.404871 0.534238 4.926516
-0.545019 0.457955 6.643379
-0.516087 0.385369 6.714637
-0.620237 0.78785 6.673744
-0.526742 0.597596 6.730187
-0.23025 0.01835 0.35455
-0.034505 -0.21362 0.299237
-0.193652 -0.449876 5.183641
0.261212 -0.687069 5.10627
0.334492 -1.186573 5.162435
-0.910895 -0.980935 0.141965
-0.846937 -0.916209 0.146638
-0.118999 -1.355396 1.649773
-0.396768 -2.036481 1.816182
-1.938625 -0.443119 3.032915
-2.063836 0.105152 3.146708
-2.014174 -1.638076 2.848933
-0.263681 0.196227 6.249529
-0.366101 -0.058388 6.132363
-0.320905 -0.010935 6.058861
-1.287206 0.35108 3.286367
-0.806149 -0.2229 3.699976
-2.302192 0.288909 2.084916
-2.124479 1.67609 1.905205
-2.082623 1.128224 2.151461
-2.083402 0.538312 2.454862
2.423538 -1.021957 3.45222
-0.856207 0.161978 1.694212
-0.80475 -0.708543 1.564704
-0.625055 -0.19694 5.265784
-0.99855 -0.33565 5.21195
-0.240041 2.400334 1.402147
-0.382993 1.304522 1.344536
-0.481638 0.824739 1.284353
-0.57338 -1.320735 1.29803
-0.496666 0.75919 1.37784
-2.417387 0.597104 1.397268
-2.252458 -0.075036 1.727671
2.623826 -0.633191 3.789893
-1.862835 -0.805878 1.943062
-1.785076 -1.764365 1.739719
-1.701894 0.204983 1.610611
-0.532631 -0.874421 1.119911
-0.722243 -1.219998 0.922757
-0.526613 -0.864989 0.851422
-0.237337 -0.893386 0.800732
-0.173029 -0.189516 1.078596
-0.250969 0.429138 3.801472
-0.358326 0.558133 3.612627
-0.620382 0.220069 5.492475
-0.531979 -0.080792 5.485932
-0.722272 -0.237623 5.437069
-0.75634 -0.009372 5.441255
-1.1036 1.3624 5.4645
-0.573488 0.708212 5.284416
-0.633493 -0.875707 5.266007
1.083176 0.724175 3.66498
1.182385 0.878931 3.763764
1.2243 -0.0436 3.577
1.044933 -0.206254 0.884702
1.044492 -0.839344 0.771992
1.150723 0.545468 0.829881
1.51276 0.234413 0.788303
1.561437 0.113166 0.839504
1.646122 -0.022682 0.985246
1.560326 0.316197 0.888829
-1.029636 -0.147568 5.34913
-0.913112 0.543867 5.381769
-1.030814 -0.593 5.366501
-2.9526 0.01925 3.60685
-0.623443 -0.094468 5.569135
-0.527567 0.252861 5.633757
1.857795 -0.044003 4.719604
2.21054 0.211169 4.418325
2.046114 0.321811 4.56277
0.9873 -2.3738 3.7847
0.558937 1.197439 3.949531
-0.349469 -1.922632 4.706517
-0.383907 -0.612334 4.441271
-0.279472 -0.401802 4.496484
-0.282236 -0.939269 4.227145
-0.452219 -0.802012 4.308385
-0.526283 -0.424951 4.080492
1.858152 0.291562 2.367567
1.199828 -0.894641 5.343006
1.074848 -0.207834 5.331969
0.59913 0.003536 5.278914
0.78486 -0.690843 5.268306
-2.073391 -0.094088 0.479528
-2.162862 0.056723 0.622574
-2.089649 0.1067 0.546411
0.533349 -0.017676 5.444315
-0.657605 0.054696 5.400245
-0.651709 0.106596 5.481078
-0.747952 0.116176 5.443426
-0.594369 0.077781 5.533439
-0.486869 -0.049641 5.511692
0.49432 -2.111637 1.840166
-2.768236 -0.834855 1.96715
-2.800011 0.566132 2.130692
-2.757675 -0.302721 2.028316
-2.851643 0.662348 2.325526
-0.272794 1.12594 1.330548
-0.067179 2.063809 1.421071
2.105107 0.339158 2.145826
2.187591 -0.885514 2.111637
2.066697 -0.905276 1.928871
-2.495624 -0.714534 0.932372
-2.523325 -0.202843 1.013578
-0.510486 1.924677 2.339673
0.659699 -0.372288 0.020955
0.625767 -0.424751 0.004499
-0.903902 -0.302937 5.113475
-0.736877 0.511016 5.19901
-0.709571 1.842065 5.048664
-0.980649 -1.076277 5.229969
-1.23531 0.144843 2.810484
-1.2952 2.7097 3.1151
-1.460419 2.354971 3.139694
0.758224 0.538295 1.704748
-0.919083 -0.491101 0.087708
-1.095628 0.091092 0.084021
0.131549 -1.163036 0.874889
-0.009927 -0.046795 0.957424
-1.146613 0.200033 0.89054
1.209424 0.664054 4.662848
1.135 1.3996 4.83835
1.0293 1.3843 4.85675
1.076638 0.929682 4.619757
0.893778 -0.351496 4.625187
0.693046 -0.359972 0.0104
0.586053 -0.035177 0.036696
-2.635844 -0.580257 2.232757
-2.765375 -0.273452 2.326515
-2.82382 0.267474 2.438848
-0.611244 1.001119 6.46017
-0.635704 0.827499 6.5109
-2.511438 -1.173418 2.605248
1.387338 0.986336 1.151611
1.335534 0.734826 1.207732
1.426606 1.257405 1.316219
1.509074 1.03857 1.31998
0.839172 1.564734 1.314244
1.010237 1.324089 1.302694
0.855788 0.131443 1.128187
-0.008329 -0.294391 0.001402
0.134204 -0.158671 0.001811
0.293921 0.047611 0.002547
0.318475 0.101353 0.002773
-2.769896 1.227002 2.369751
-2.728369 -1.309277 2.454732
-2.666895 0.33242 2.214125
-1.44971 -1.422957 2.009055
-1.4908 0.02585 2.0732
0.346252 -0.427409 5.303831
0.329006 0.114799 5.334741
0.216565 0.052054 5.325802
-2.657682 0.764244 1.605947
0.879346 -0.049536 0.140634
1.107855 -0.873057 0.283994
1.1784 1.5098 0.7567
1.511707 1.012979 3.051665
1.639199 1.225837 3.009684
-0.469949 -0.345931 0.033416
-0.157554 0.070902 -0.001321
-1.903778 -1.201056 3.75445
-2.102905 -0.794097 3.33277
-1.822438 2.301698 3.102915
-2.026303 1.590297 3.32682
-2.877373 0.001139 4.094319
-2.913508 -0.05387 4.008342
-2.368541 1.488848 1.279414
-2.474319 1.258862 1.296909
0.247905 0.762106 5.786724
0.343929 -0.268809 5.96085
-2.654734 0.792545 1.441502
0.403283 -0.146666 5.707853
-0.518135 -1.710243 4.851722
-0.462608 -1.183316 5.050666
0.205198 -0.883914 5.243689
-0.034024 0.56518 5.247201
-0.108763 -0.633186 5.258334
-1.393815 -0.547139 5.132093
-1.278644 -0.847381 5.094134
-1.984849 -0.241433 5.064349
2.379853 -0.209936 2.599322
2.420509 0.221607 2.838528
2.550934 -0.014981 3.182495
2.505997 -0.052896 2.92466
2.05308 0.779893 2.283367
2.141493 0.255201 2.338872
-0.008985 0.012583 6.259005
1.008683 -0.032503 0.28855
0.946497 0.009674 0.248568
0.436126 -0.105196 5.42873
0.449748 -0.198907 5.360717
1.722989 -0.212178 5.17688
1.828454 -0.208981 5.250443
1.69667 -0.492201 5.343036
-0.409652 0.254683 6.692334
-0.435149 0.559309 6.71783
-0.459156 0.669005 6.729075
0.095918 -1.794283 3.733311
-0.030089 -0.299488 5.410254
-0.081279 -0.048088 5.452042
-0.040896 0.027866 5.329856
0.097534 0.008289 5.376752
-2.683449 -0.753386 3.886742
-0.77654 -0.061748 0.104229
-0.656737 -1.092612 0.16033
-1.218195 1.157675 2.054537
0.760245 0.054275 1.989326
0.651102 -1.028023 1.859607
-2.837942 0.018776 2.220498
-2.819602 0.238466 2.223597
0.948812 -0.451358 0.106164
-0.15875 0.069722 5.468672
2.029366 -1.636261 3.48733
2.018261 1.324683 3.160247
2.154696 -0.390094 3.366976
-2.956676 0.158506 3.049122
-2.950518 0.012441 2.939145
-2.367337 1.139202 4.036073
-2.459725 1.865517 4.192411
-2.33023 -0.602486 4.291882
-2.468676 0.313098 3.639817
-2.478825 1.712911 3.903041
-2.404049 -0.001631 2.359283
-2.325594 -1.173876 2.390998
-2.397625 -1.340033 2.505728
-0.703826 -1.594686 2.064923
-2.842526 -1.008814 3.934818
0.3364 2.97315 3.24505
0.121221 -1.855966 3.207765
-0.19213 0.650925 6.699193
-0.256371 0.386701 6.753884
-0.258755 0.696384 6.741683
-2.0113 -0.02185 1.09785
-1.89026 0.834579 0.577304
-1.810763 0.214936 0.543457
-1.853893 0.876748 0.024899
1.36404 0.618011 0.694696
1.293064 0.941143 0.659316
2.305462 -0.468986 2.1636
-1.682228 -1.04294 4.653487
-1.528834 0.224494 4.776644
-0.499424 0.340919 5.262547
-0.769769 -0.358729 5.22612
-0.174342 0.428317 5.304358
-0.348794 -0.017456 5.665945
0.071111 0.321059 5.997339
0.06732 0.250897 5.824518
-0.014 0.9238 6.0758
-2.771637 0.181383 2.000946
-2.729137 -0.057891 1.911344
0.678226 0.901617 0.521805
0.232093 0.828473 0.528399
0.326833 -0.556121 0.640389
1.276161 0.40374 4.917828
-1.916616 0.186498 4.126479
-2.036892 1.351141 4.302747
-2.220107 -1.107595 1.940093
-2.345602 -1.285137 1.884474
-2.272995 0.79085 1.719337
-2.152816 -0.640607 1.824546
-1.703481 -0.066645 5.465456
-1.620303 0.201392 5.467275
-2.337043 0.034626 0.867564
-2.876025 0.503559 2.61417
-0.42172 1.19775 1.969474
-0.424051 -0.633168 1.818854
1.726594 -1.256673 4.698418
1.932791 0.59347 4.557635
1.485878 -1.417226 4.82282
-2.7904 1.1886 4.5168
-2.814286 -0.438855 4.422205
-2.517105 0.158261 4.76505
-2.73501 0.77344 4.492404
-1.916851 -0.642277 0.451309
-1.8124 0.07815 0.47055
-1.94351 -0.669158 0.581801
-2.11712 -0.445198 0.662061
-2.415858 0.081257 1.11814
-2.499974 -0.118148 1.289395
0.604371 0.085337 5.349164
0.173362 -0.046133 0.002692
0.17155 -0.86605 0.00085
0.069714 0.081026 6.177592
0.083035 -0.039853 6.003587
0.166632 -0.262581 6.112643
-0.733797 1.120603 1.242695
-1.011197 -0.234083 1.291059
-0.63405 0.113247 5.536799
2.49426 -0.119308 2.821992
0.585356 0.838189 4.124701
0.057679 0.17503 4.639605
-0.197034 -1.092947 4.910654
-0.148298 0.407685 4.557673
-0.773407 0.091724 5.349333
0.172981 1.320332 1.700333
0.150502 2.462608 1.789299
0.038894 0.778386 1.826093
-1.09195 -0.33925 5.1921
-1.099008 -0.426482 5.182635
-1.467713 -0.23509 5.138855
1.10116 -0.701114 5.245596
0.954252 -0.477542 5.301036
-0.822512 0.870827 3.557308
-0.858529 1.829136 3.766776
-2.372237 -0.792501 4.521546
-2.030664 0.811798 4.89498
0.882392 0.706666 0.163893
0.534411 -0.587935 2.54987
0.326673 -0.22727 2.52943
-2.297534 0.146212 0.83061
-0.42003 -0.480687 1.20573
2.235413 -0.001163 3.539884
-2.609664 1.197497 3.359759
-2.545588 0.865314 3.519517
-0.344695 -0.21751 4.04634
-0.457302 -1.844825 3.865856
0.00805 2.03535 0.78795
-1.116662 -0.805107 4.129598
-1.086695 -0.18315 4.454854
1.886452 1.798467 2.932425
-1.781128 1.519578 1.799481
-1.637558 1.575595 1.853305
-2.971373 0.108035 3.588401
-2.949675 -0.066789 3.188386
-2.9452 0.0284 3.88595
-2.553795 0.346229 3.072992
-0.678391 -0.097968 5.287574
-0.914576 -0.14278 5.240919
-0.56415 -0.0425 5.36565
0.315236 0.276156 5.407417
0.399179 0.47528 5.354012
0.249862 0.539104 5.323575
0.745267 0.073758 1.829794
-0.330517 1.509644 4.94907
-2.51457 0.602772 4.823876
-2.372002 0.248983 4.955665
-2.328436 0.414224 4.962885
-0.217432 0.489539 5.901994
-0.264183 0.080718 5.788918
-0.281265 -0.074703 5.846599
-1.514894 -0.988841 0.61317
1.011205 0.380642 1.60663
1.067975 0.998697 1.414615
0.004806 0.792015 5.805161
-0.08247 0.741812 5.819237
-1.175138 2.145763 1.466449
-1.833031 0.294338 1.220076
-1.659806 0.004231 1.207644
-2.234874 -0.46281 0.89823
-2.341942 -0.573042 1.143511
-0.732185 1.197525 2.812286
-0.882805 1.552624 2.452613
-0.763229 2.523379 2.317153
-2.656111 0.13946 4.725487
-2.804957 -0.122261 4.413133
1.565218 -1.331915 1.619554
1.347831 -1.474483 1.516603
-0.164986 -0.121756 5.055922
-0.057235 0.958394 4.967041
1.190712 0.307233 5.052439
1.04302 -0.08839 5.09732
-2.247231 1.347818 0.910362
-2.37702 0.554666 0.653944
-2.3744 1.2671 0.9156
1.02969 0.124942 5.148777
0.835597 -0.012453 5.179338
1.456076 0.704739 2.884553
-0.066823 0.051735 5.280807
-0.15305 0.00925 5.26115
2.313305 0.606095 3.191215
2.417475 0.815554 3.458656
2.362436 0.891002 3.428282
1.610141 -0.236864 1.018089
1.608388 -0.33011 1.139794
2.153047 0.468124 2.818171
2.171165 -0.107179 2.567374
-0.922116 -0.109386 5.205955
-0.543498 -0.34707 5.185358
0.253155 -0.068287 5.5087
0.183564 0.079415 5.560038
0.412154 -0.885267 0.006738
0.261365 -0.409487 0.009439
-1.080747 1.541574 1.504298
0.308719 0.488716 5.893485
0.30795 0.0585 6.0782
-1.551748 -1.342533 3.66005
-1.330072 0.88096 3.664641
-1.930776 -0.200037 0.329674
-1.734085 -0.407651 0.261824
1.579571 0.980485 1.325189
1.739446 -1.300299 1.745133
-0.2632 0.449839 5.964276
-0.338743 0.47755 6.018793
-0.377416 0.470387 6.205555
0.283966 1.874722 1.712975
1.819913 0.096666 4.895079
0.677957 -1.486318 1.754469
0.579876 0.029135 1.809955
2.105739 0.673096 3.010428
2.187032 -1.140077 4.173413
2.332195 -0.436774 4.295075
0.521058 0.184351 5.46969
0.371132 -0.168676 5.084299
1.940581 -0.034929 1.483304
1.9697 0.180053 1.492553
0.711362 0.027848 0.916616
0.656826 1.418597 0.766998
0.054763 0.607533 1.00742
-0.061981 0.442184 1.116964
1.36972 0.870688 4.774688
1.24089 -0.794391 4.875743
0.477148 1.954725 1.081798
0.528808 -0.877449 0.893839
0.560541 0.271178 0.979945
-0.877182 0.085795 3.352682
-0.930386 0.522435 3.180987
-0.84003 -0.102176 3.117924
0.226525 -0.481327 1.427595
0.133581 -1.712168 1.488972
1.63349 0.269813 0.957744
-0.353871 0.019237 5.986005
-2.168558 0.074407 0.651485
-2.246382 -0.214969 0.71348
-2.084157 -0.382913 0.554717
0.955902 0.700639 4.495029
-2.449778 -0.09075 1.535106
-2.294952 1.053868 1.601719
-0.363591 0.993185 1.098094
-0.401274 -1.214897 1.355462
-2.094283 -1.012154 1.09724
-1.960378 0.455246 1.256861
-0.060087 -1.911948 5.06327
0.045201 -0.291749 5.135647
-1.788269 -1.489188 4.380069
-1.588953 0.437366 4.107733
-2.544214 0.315935 1.104632
-1.529774 -0.092557 1.1199
-1.311003 0.95358 1.255185
-1.14106 -0.397531 1.195483
-0.76786 -0.029579 0.180703
-0.736746 0.172836 0.117696
-2.945036 0.491309 2.969369
-2.932479 0.614563 2.897538
2.178366 0.329913 2.080133
2.232175 0.361461 2.161011
2.15618 0.193106 1.952564
0.10145 0.00005 6.14505
-0.0314 -0.05205 6.5274
-2.817835 -0.730088 2.136737
-2.0197 2.43855 3.2869
-1.723208 2.491465 3.190764
0.985125 -0.961117 2.403345
0.799432 1.814996 2.466754
0.654169 -0.231082 2.48903
-2.776434 0.26106 2.067099
-1.998954 -0.750531 3.370602
-1.885225 -0.189901 3.474697
-1.938985 0.649002 3.208245
2.537761 0.17198 3.609788
2.449107 0.401778 3.909174
-0.875131 -1.37784 1.824266
-0.68842 1.769018 1.964968
-0.475209 0.417427 6.719823
-2.797136 -0.068456 2.259763
-0.208693 0.376 6.364567
-0.325595 -0.437625 6.404458
-0.79546 1.129481 5.336001
-1.241208 1.012136 5.40966
-2.770123 -0.237797 2.821755
1.122161 0.584267 0.515885
1.058764 0.352167 0.490426
0.910012 0.977819 0.351902
-2.251174 -1.087274 4.739465
1.051276 -0.853915 3.913982
-1.509149 0.784026 5.322834
-1.275717 0.49346 5.331682
-1.564328 0.36525 5.361745
-1.201215 -0.081244 5.309504
1.767834 1.522353 2.261477
-1.315542 -0.374676 0.121328
-0.270486 2.199315 1.481814
1.428583 1.369199 2.624245
-1.680174 0.971365 4.374621
-1.504497 2.388431 4.511856
0.9918 -0.0099 2.53845
2.407172 -0.205396 2.631824
2.424895 0.196355 2.742515
0.555187 0.689715 5.227431
0.501994 0.312062 5.260627
0.2447 2.6827 2.15935
0.224071 0.530927 2.298014
-0.965727 0.595555 3.33184
-0.10815 -0.0365 6.16155
-1.251527 0.14896 1.987612
0.545184 0.028119 5.346406
-2.86127 -0.663164 3.114894
-2.800067 0.001031 2.954624
1.226003 1.082446 0.656823
0.101009 -0.988306 2.362688
-0.807787 -0.521895 4.706498
-0.24341 0.849063 4.201066
-0.595768 0.15634 5.580589
-0.563616 0.15862 5.582314
-0.251698 0.950401 1.100054
-0.396836 1.534577 0.869104
-0.120676 -0.467616 0.525153
-0.132805 -0.894815 0.141972
0.194198 -1.958304 1.140196
-2.002381 -1.667126 2.37713
-1.92956 -1.624811 2.074795
0.46577 1.322626 0.613105
0.394604 0.973618 0.462637
0.46447 -1.738158 0.702422
0.495827 1.377933 0.763705
1.59478 0.3841 4.832851
1.674111 0.351613 4.830294
0.176334 -0.062472 0.00222
-2.719977 0.082376 1.850983
-0.570239 -0.16408 6.689974
-1.507178 -0.040019 5.195544
1.188531 0.210622 0.393368
2.592628 0.057391 3.517423
-0.004847 -1.634898 3.844488
-0.246853 -2.224575 3.954093
-0.217724 -2.244287 3.700137
0.013067 0.12914 3.35772
-2.069522 0.174477 0.493654
-2.009206 0.09683 0.412453
-1.993557 0.226838 0.384871
1.662645 -0.111735 5.109159
2.611205 -0.587474 4.070675
1.280413 1.994851 3.369618
-0.118982 -0.012674 5.681008
-0.06096 -0.002781 5.528757
1.782136 -0.235105 2.632582
1.726004 1.768166 2.693298
-0.801637 -0.417274 5.378525
-0.833727 -0.178551 5.342905
-0.952242 -0.030474 1.741395
-1.036426 0.330997 1.75999
-2.944292 0.538864 3.695397
0.589153 0.015876 5.36914
-1.62475 -0.127615 5.120162
-1.779991 -0.275606 2.874869
0.600836 -1.574035 0.372384
2.32276 -0.277961 2.39931
2.293053 0.550681 2.236803
1.863621 0.258046 1.443288
1.675315 0.286545 1.18648
-0.186188 1.621184 3.287362
-0.1622 -0.1159 -0.00215
1.267386 -0.087987 5.359427
1.154616 -0.04222 5.301587
0.615182 -0.293928 4.547307
0.79847 1.424863 4.33608
-2.668019 -0.14667 4.188622
-2.11688 -0.414522 1.379727
-2.001857 -0.808298 1.36509
-0.323791 -0.304071 5.29704
-0.355967 -0.217725 5.307955
1.728622 0.407045 2.328023
1.204176 -0.752632 4.97668
1.863688 0.022931 1.300896
-0.348989 0.00713 2.621265
-0.446893 -1.55208 2.569963
0.168436 0.769838 1.287518
0.372698 1.258755 1.275801
-0.480837 -0.346651 0.008979
-2.920907 -0.628189 3.885442
-2.901391 -0.447004 3.779855
0.917521 0.145574 0.163761
0.036862 -0.579668 5.205254
-0.13854 -1.000136 5.216874
-0.115277 -1.085501 5.229596
2.110893 0.943185 4.027962
1.269655 0.809774 3.00405
1.373712 0.460653 3.150226
1.4881 0.0367 3.1021
1.18995 -0.01135 1.23385
0.564463 0.046211 0.032601
1.207433 -1.987075 2.34073
2.284521 -0.902931 3.371199
-0.410842 0.217905 6.630126
1.015089 -0.595166 5.280679
-2.581425 1.577981 2.492242
-0.964083 0.96438 5.386374
-2.517037 0.257793 1.249962
0.980891 0.448732 3.099748
-0.175264 -0.892489 5.24579
-0.8718 0.0775 5.2763
-1.0586 0.0703 5.2366
-1.0586 0.0703 5.2366
0.024135 -0.250797 5.451519
1.470555 1.624026 4.650773
-0.357443 -0.146489 6.041575
-2.643986 0.81935 1.459308
-1.70394 -0.295637 4.797275
-1.72794 0.254952 4.892905
-1.7014 -0.853897 5.024363
-0.657461 2.439628 2.333615
-0.808378 -0.230029 4.301243
-2.327358 0.065123 0.943543
-0.355846 0.606264 0.069489
1.416651 0.579243 1.571296
1.883461 -0.141202 1.319522
1.809032 -1.530852 2.280276
1.629441 0.473144 2.141167
0.163134 1.258266 0.126698
-2.925729 0.453212 3.748879
-2.85449 0.051736 2.416525
-2.290962 -0.244482 0.769543
-0.223127 -2.021324 4.383629
-2.40825 0.04715 4.92235
1.107949 -0.358315 0.194386
-0.290904 0.143923 5.999702
0.50876 -0.125979 0.006399
-0.510937 -1.320198 4.590427
1.706197 -1.880468 2.584364
1.177141 -0.35186 0.378709
-1.744304 -1.124678 4.08012
2.592879 0.360663 4.09867
-0.392479 1.44854 1.264688
0.179996 -0.231494 6.252497
-1.131883 1.613979 1.34603
0.96965 -0.0433 2.32495
-0.410579 -0.528873 2.102921
0.732901 0.151461 0.050599
-2.951934 0.050309 3.110239
-2.936717 -0.034623 3.126551
-0.956537 -0.676812 0.083283
-1.170369 0.108168 0.112937
-1.998307 0.045912 0.415942
-2.19599 0.723311 4.537284
-2.781773 -0.671952 3.377093
-2.443219 0.521086 2.963831
1.142231 0.393926 0.605334
-2.11639 0.163007 0.565397
0.380745 0.277209 5.676535
0.351579 0.003415 5.844947
0.545309 0.265286 5.410776
-0.624249 -0.673177 0.034639
1.403522 -0.184486 0.64881
-1.652329 -0.634701 0.337475
-0.519032 1.761727 1.512442
1.845253 0.682521 3.362783
-0.183597 0.245626 6.383655
-0.197925 0.31561 6.519072
-1.428509 2.04127 1.561602
-1.014325 -1.009313 5.209864
2.55139 -0.134268 3.134879
-0.532627 1.367483 1.735916
-0.480127 -0.232516 0.363775
2.27512 0.380954 2.326306
2.446143 0.418166 3.170519
-0.862782 -0.244635 0.076779
-0.810157 0.007895 0.070431
-0.110078 -0.898152 0.395887
-2.66738 -0.199459 1.601467
-2.517711 -0.008354 1.310253
-0.979541 0.206859 0.356851
0.691878 -0.389731 1.752067
0.613073 1.031847 1.648846
-0.138882 0.394035 6.31857
2.168041 -0.302115 3.001416
2.059429 0.26252 3.19906
-2.807621 0.295988 4.358975
0.919779 0.29165 5.14787
-0.516409 0.473665 6.394849
-0.751505 2.310712 2.4409
2.031897 -0.808178 4.269298
2.487209 0.086985 2.868701
2.446488 0.035156 2.802914
1.192858 0.356757 5.036154
-2.702768 -0.260093 2.267012
-2.372868 -1.125433 1.720232
1.101103 1.764096 3.4321
-2.8426 -0.0592 2.84785
-2.8409 0.0053 2.6881
-0.292293 -0.258419 0.008502
-0.317545 0.973047 6.770063
1.214394 0.366562 0.406461
0.86237 0.49412 0.247026
-2.89767 0.352474 2.590795
-2.943788 0.245399 2.933941
-0.01783 -1.531226 0.938956
0.03575 0.0244 0.98685
0.053398 -0.517898 1.658452
-0.455317 0.353946 5.499836
1.160754 -0.731853 1.56033
0.281608 0.672283 5.371337
-1.501897 -0.474148 0.153869
-1.695168 -0.152924 0.226258
0.998967 -0.926636 5.030972
1.5588 -0.04535 2.13295
0.769731 0.113068 0.11913
-1.841625 1.610639 1.051788
-2.043434 1.541438 0.870553
-2.077591 1.279584 1.069823
2.110407 -0.010167 1.967089
2.069322 -0.105432 1.717644
0.515044 1.643898 0.603755
-0.22755 -0.0462 5.85225
0.372156 2.013681 4.683249
-2.947365 0.140214 3.807521
-1.105762 0.107801 2.998554
-1.30457 0.254606 1.525144
0.658623 0.091482 2.18582
-0.308474 -0.208064 5.732273
-0.222046 -0.756687 5.137371
-1.197126 0.759248 1.288777
0.3682 -1.8659 0.8539
0.2669 -1.94075 1.0016
-0.720455 1.496954 4.600555
1.643577 0.911662 1.322308
-0.994024 -0.373142 5.205418
2.285062 -0.094222 4.567243
-2.227978 -0.204705 1.072272
-2.48335 0.257758 0.958462
-0.8506 0.618322 5.328846
-0.0354 1.2253 5.1834
0.566504 -0.378905 0.022434
-2.345915 0.058903 0.830235
-2.934085 0.89905 3.337214
2.063896 -0.263462 5.067924
-1.218326 2.643363 2.931763
-0.239275 0.282482 6.591298
0.31694 -0.13369 5.080913
0.216379 0.627418 5.092714
0.404858 -0.420815 5.057358
-1.542473 -0.01153 1.871072
0.368391 1.87916 1.777578
-0.627411 -1.088378 0.24408
-1.586835 -0.320619 4.27634
0.993709 0.0936 0.234772
2.455216 -0.112077 2.72961
2.474454 -0.227645 3.162441
-2.553493 0.388116 1.229874
-0.854484 2.197042 2.588164
1.905924 0.174479 1.379318
1.658165 0.574456 1.10167
0.235997 0.503109 4.983731
-1.36181 -0.456183 0.137405
-1.845752 -0.40963 0.295518
0.944042 0.201728 0.177317
0.375587 1.419087 0.263127
1.103194 -0.230707 4.948902
0.000916 -0.969275 5.226277
-1.68762 -0.124636 5.330615
-0.0239 1.64427 1.738734
-0.360498 -0.31284 6.045445
0.472804 -0.196531 5.548055
-2.345882 -0.211291 3.025907
-0.933239 -0.659629 5.393188
-1.680067 1.226849 1.159002
-2.055359 -0.529694 0.494643
2.462596 -0.326396 3.535842
-0.547896 0.991039 1.626405
-1.701116 -0.449885 5.108704
-0.363419 0.367485 6.750351
0.023604 0.460548 6.540325
-0.267733 -1.050424 3.982652
-1.3604 -0.5331 5.14535
-2.918748 0.995285 3.138069
-2.344126 0.167663 0.763058
1.290693 -0.29384 1.660507
-0.049991 0.405773 5.536264
-2.166471 -0.109481 1.07162
0.331857 -0.504346 0.004593
2.425764 0.097032 4.026533
1.340907 1.032408 4.342335
1.104117 2.288496 2.68346
0.96965 -0.0433 2.32495
-2.860026 0.144133 4.213639
-0.102642 -0.156011 5.092543
-0.07663 0.570273 6.604786
-0.027334 0.058131 6.40585
0.981214 1.722069 2.171752
-2.307446 1.233352 2.884017
0.7053 -0.03 5.3011
-0.480123 0.638483 0.003848
-0.647503 -0.351445 0.010711
-0.603346 0.70358 0.005893
0.69163 -0.062317 1.657025
-0.097718 -0.179738 6.386672
-0.3936 1.1481 0.0015
-0.31124 0.707914 0.056855
-0.253799 0.359655 0.050224
-1.958246 -0.822806 0.367182
-1.963977 0.743192 0.494214
-1.9304 0.7558 0.0195
-1.406515 0.332895 0.011025
-1.512276 0.023572 0.159467
-1.210007 0.426062 0.007503
-1.057987 -0.060732 0.037714
-0.881513 -0.185127 0.014445
-0.861984 -0.282674 0.020953
-0.853502 0.65463 0.084425
-0.684348 0.959402 0.011977
-0.905594 1.581988 0.667302
-0.792949 1.595179 0.570717
-0.42551 0.422928 0.244995
-0.36219 0.558713 0.115494
0.123285 0.640139 0.010959
0.145831 0.030226 0.006713
-0.450479 0.762269 0.011196
-0.494909 0.383121 0.012017
-0.183 0.0399 0.041
-0.046939 0.026183 0.085518
-2.128654 0.019447 0.457109
-2.079596 0.359792 0.305517
-2.315872 0.216227 0.579756
-2.355541 0.625204 0.652634
-2.160569 0.351284 0.79446
-2.127575 1.110964 0.535082
-0.627762 0.303769 0.365605
-1.018269 -0.237237 0.035922
-1.61895 0.17125 0.76115
-1.398662 0.862705 1.062396
-1.111063 -0.20788 0.950807
0.165343 0.606553 0.00905
-0.134213 0.670886 0.004228
-0.5404 -0.39125 0.0051
-0.556123 0.735921 0.008729
-2.241583 0.483166 0.482374
-2.031921 -0.063444 0.454948
-1.60624 0.076157 0.072494
-1.596375 -0.20136 0.121717
-1.895448 -0.078569 0.3059
-0.923121 -0.033663 0.049331
-1.185516 -0.322013 0.087205
-1.049845 -0.199271 0.066802
-2.276088 0.194985 0.70737
-1.674855 -0.002967 0.014748
-1.552873 -0.024826 0.014283
-1.921799 1.091704 0.738001
-1.807239 1.324407 0.919107
-1.707728 0.106226 0.979264
-1.696871 1.231805 0.590745
0.044348 0.52209 0.011248
0.006311 0.701784 0.007159
-1.754027 -0.018827 0.202371
-1.788079 1.094001 0.924817
-0.743514 0.685123 0.008117
-0.400463 -0.510172 0.002896
-0.733 -0.1607 0.0192
-0.751834 -0.342353 0.018452
-1.2701 1.888752 1.011016
-0.112464 -0.61015 0.213318
-0.172645 0.731811 0.225611
-0.15487 -0.146489 0.19752
-1.975 0.036667 0.792102
-1.952461 0.804324 0.798308
-1.919024 0.160322 0.895404
-0.912636 0.453992 0.011137
-1.267792 0.114938 0.043454
-0.541664 -0.432632 0.008373
-0.935865 -0.06279 0.395971
-0.50455 -0.02175 0.0151
-0.167939 0.761679 0.011804
-0.305328 0.056084 0.008072
-2.189451 0.722924 0.287995
-1.2612 1.30915 0.31745
-0.43058 0.708398 0.006701
-1.950396 -0.270371 0.036111
-1.946137 0.391564 0.196774
-1.709174 0.383181 0.022452
-0.759902 -0.270565 0.013603
-1.088317 -0.048309 0.012393
-0.797303 0.785563 0.012353
