1.223363 0.467714 0.386822
1.05181 0.283755 0.172086
0.930779 0.462914 0.132269
0.289078 0.920892 5.312886
0.153109 0.972482 5.30349
0.138137 0.854732 5.320303
2.328564 0.778315 4.256641
2.39456 0.81786 3.945517
2.379458 0.978425 4.189641
-1.201497 -1.86394 1.395003
-1.4168 -1.9966 1.7152
-1.579619 -1.807937 1.464134
-2.966762 0.228938 2.707178
-3.007959 0.126069 2.985099
-2.974421 0.401837 3.081361
-0.028 2.1829 0.7786
0.089184 2.137783 0.731512
-0.061946 2.075321 0.605232
0.755446 -1.235489 0.669994
0.705265 -1.147913 0.52699
0.89836 -1.112275 0.710589
2.288969 -1.055784 3.582322
2.416214 -0.796451 3.468538
2.400216 -0.831289 3.717697
-0.187088 0.764573 5.400521
-0.031618 0.753386 5.405942
-0.107848 0.85681 5.310847
0.560175 -0.333525 5.181412
0.409191 -0.444806 5.141709
0.527601 -0.34521 5.12714
-0.252523 2.881255 2.57297
0.053117 2.853115 2.642168
-0.020364 2.826602 2.412421
1.967408 1.547003 1.97805
2.0546 1.55355 2.289
2.06872 1.352192 2.138817
-0.792919 -2.507147 3.095849
-0.669239 -2.531554 3.286607
-1.110602 -2.512199 3.355356
-0.630385 0.464692 5.305877
-0.743833 0.331591 5.327868
-0.64895 0.348864 5.358045
0.184674 -0.47828 0.014256
0.566653 -0.652132 0.095313
0.344324 -0.92228 0.137329
-2.30971 -1.174473 1.241562
-2.080954 -1.358256 1.173095
-2.256184 -1.395356 1.474339
0.228143 -2.515412 3.130033
0.015234 -2.514269 3.053643
0.248976 -2.427135 2.837366
1.394325 -1.394102 1.991673
1.482324 -1.347676 2.079634
1.446605 -1.48715 2.315038
-2.522217 1.572611 2.226328
-2.537238 1.454024 1.977413
-2.6244 1.3055 2.14295
-0.6419 2.94925 2.92135
-0.428636 2.952045 2.97963
-0.447063 2.930248 2.776135
-1.882271 0.039969 0.058597
-1.783778 -0.230102 0.015974
-2.022562 -0.144043 0.163142
-2.055828 1.719306 0.950525
-1.901545 1.904638 0.989169
-1.881245 1.724481 0.721009
0.0366 -0.524173 5.679646
-0.058663 -0.490587 5.790887
-0.114774 -0.54771 5.593835
-0.521303 -0.454883 5.496343
-0.536828 -0.298255 5.565057
-0.62237 -0.419385 5.471532
1.917004 0.531742 1.468817
1.965807 0.322562 1.496173
1.912392 0.276489 1.363455
2.252421 -0.977081 3.04855
2.077593 -1.175687 3.049437
2.148622 -0.98807 2.722607
-1.830191 -1.819182 5.140396
-2.341094 -1.548951 4.950251
-2.195637 -1.850188 4.835525
-3.04952 -0.371329 3.307436
-3.042725 -0.583723 3.581374
-3.014071 -0.211289 3.72345
1.179018 2.577946 2.741677
1.075908 2.636927 2.900046
1.282368 2.576029 3.28406
1.435035 2.406341 4.507685
1.581272 2.187685 4.729056
1.684227 2.249677 4.236176
0.36608 0.265686 5.599208
0.511408 0.362153 5.521118
0.355466 0.375411 5.583969
0.943746 0.346573 5.19785
0.898442 0.429438 5.25847
0.765237 0.261724 5.198435
-0.035067 -1.494915 0.656363
-0.190219 -1.517489 0.697399
-0.220144 -1.397617 0.538685
0.534741 -2.29135 2.625571
0.727626 -2.241907 2.649014
0.597148 -2.327944 2.774497
-1.906794 1.827894 4.596666
-1.941128 1.903856 4.403737
-2.312246 1.762275 4.459445
-1.030048 2.826816 2.61107
-0.94986 2.871464 2.760584
-0.827075 2.891314 2.630038
-1.329497 2.626289 2.220292
-1.217122 2.662622 2.086526
-1.397446 2.553845 2.033697
-1.092606 2.610626 1.609808
-0.924027 2.597795 1.389547
-1.198656 2.500206 1.396529
2.055818 -0.386073 1.758347
2.029124 -0.197803 1.614211
2.072046 -0.263291 1.740355
1.47341 -0.718118 1.022706
1.596397 -0.570221 1.069388
1.659127 -0.562616 1.159606
2.369689 -0.332174 2.636745
2.312862 -0.397902 2.46982
2.319053 -0.218792 2.407909
2.368532 0.308821 2.679677
2.34345 0.6512 2.74495
2.394562 0.397209 2.895446
-0.008763 -0.587135 5.501587
0.157949 -0.560893 5.420407
0.24421 -0.444685 5.586063
0.288663 -2.271318 4.497309
0.541863 -2.132466 4.580317
0.218994 -1.954821 4.726656
0.2714 2.55255 1.6858
0.529211 2.48157 1.518402
0.343497 2.423832 1.342268
1.902918 1.507969 1.765628
1.775759 1.614274 1.491215
1.802347 1.686778 1.67175
-1.480283 1.990248 0.684503
-1.471004 2.083352 0.812783
-1.289001 2.019585 0.599761
0.419974 0.112603 0.011783
0.643386 -0.10059 0.004757
0.414008 -0.131431 0.009489
-2.678895 -1.103157 2.030375
-2.618802 -1.083645 1.811465
-2.492 -1.40205 1.95395
-2.174207 -2.169169 3.749024
-1.904473 -2.339297 3.540999
-1.924517 -2.34823 3.830898
-0.484223 -1.363584 0.539902
-0.428504 -1.469813 0.655601
-0.664719 -1.422109 0.658662
-0.312741 -0.886626 0.109134
-0.580424 -0.633843 0.058897
-0.499393 -0.570114 0.047955
0.530613 0.116322 5.482477
0.42966 0.102495 5.559852
0.456788 -0.019689 5.525393
0.49403 -0.277997 5.408767
0.474054 -0.18997 5.479608
0.395176 -0.356984 5.419558
1.259498 -1.929163 2.9587
1.115177 -2.099082 2.9168
1.096161 -2.062866 2.771004
1.48756 -1.343057 4.270534
1.450077 -1.159382 4.500301
1.29941 -1.239595 4.473351
-0.719939 0.268954 5.413764
-0.820321 0.300975 5.320943
-0.816575 0.197397 5.378063
-2.994169 0.223097 3.619539
-2.948227 0.201911 4.008294
1.5403 1.96435 1.37995
1.599278 1.965666 1.512439
1.685122 1.776959 1.471984
0.750558 2.123927 0.540869
0.989878 1.996221 0.542893
0.552078 2.081084 0.399792
-0.004183 -0.318246 6.284327
0.2335 -0.3862 6.18785
0.097787 -0.240873 6.441968
0.334443 0.215344 6.244226
0.430208 0.248012 6.318559
0.481744 0.187551 6.29882
-2.655278 1.551761 3.627831
-2.700714 1.464574 3.947693
-2.539287 1.721773 3.883962
-2.176 1.96865 2.1853
-2.211807 1.956869 2.383968
-1.978121 2.130096 2.288324
-0.757974 -0.628373 5.323536
-0.634131 -0.698741 5.310503
-0.577864 -0.601449 5.347082
-0.228928 -0.797433 5.141549
-0.352402 -0.834056 5.171961
-0.213464 -1.036786 5.081556
0.427123 -1.939532 1.638121
0.634676 -1.938716 1.790655
0.653063 -2.077816 2.137089
1.242295 -1.438596 1.751202
1.45003 -1.220132 1.73595
-2.29152 -0.715812 0.737807
-2.345865 -0.938161 1.041123
-2.457799 -0.734002 1.062836
-2.480194 1.042802 1.292413
-2.601299 0.850761 1.531589
-2.512851 1.196203 1.487
-0.870314 -0.79393 0.1624
-0.96402 -0.874371 0.203522
-0.99716 -0.759249 0.09877
-1.90933 -0.51218 0.130736
-2.080478 -0.447709 0.276305
-1.898593 -0.348608 0.045942
0.820046 -0.38873 5.009236
0.655024 -0.326224 5.079395
0.649606 -0.416685 5.028678
0.998339 0.267662 5.147879
0.908178 0.151037 5.122126
1.436379 0.223121 5.002551
1.255859 -2.021842 3.263019
1.297698 -1.982538 3.45441
1.183945 -2.115125 3.223717
0.352413 -2.4911 4.155333
0.6644 -2.4877 4.0237
0.696465 -2.31374 4.367734
-0.646715 -0.020394 5.568569
-0.732114 -0.075253 5.481575
-0.657799 -0.108062 5.537322
-0.43935 0.1671 5.7448
-0.29458 0.224494 5.911331
-0.260086 0.384245 5.670473
0.4519 2.5069 4.5979
0.345087 2.656948 4.389333
0.092641 2.528471 4.736949
1.031558 2.630497 2.685902
0.949963 2.668534 2.78579
-0.677618 2.673295 1.510825
-0.920925 2.697775 1.700922
-0.440449 2.801643 2.04158
-0.359459 2.749247 1.848929
-0.635225 2.803432 1.97666
1.411062 2.213864 1.62151
1.299932 2.239808 1.450278
1.28577 2.314982 1.653823
1.381149 2.450043 2.586992
1.689452 2.27853 3.02011
1.591915 2.312759 2.652301
0.409291 0.475801 5.521386
0.418736 0.839833 5.337078
0.331463 0.73515 5.340903
0.417616 0.727104 5.370261
-0.467628 2.868543 4.275217
-0.217523 2.892845 4.074393
-0.566436 2.956121 3.852728
-1.465958 2.469369 4.111006
-1.281272 2.682311 4.100639
-1.563326 2.429745 3.878214
2.021161 -1.16035 2.828347
1.954779 -1.150312 2.638426
1.417196 -1.747331 3.552493
1.347382 -1.872974 3.263497
0.101305 -2.190564 2.091356
-0.004423 -1.973419 1.53095
0.25318 -2.079005 1.882741
-1.36579 -2.271656 2.352406
-0.907166 -2.101281 1.782727
-0.696445 -2.297225 2.237415
2.032443 1.933008 3.337901
2.1587 1.702255 3.203333
2.040346 1.879827 3.059782
2.414542 0.78241 3.449998
2.398055 0.997343 3.344888
2.411956 0.953385 3.483712
2.300742 0.858471 2.668719
2.268958 0.643848 2.451009
2.216078 0.776778 2.326461
1.931178 0.741405 1.580466
2.028323 0.700589 1.776371
1.954 0.55345 1.55215
-1.853715 -0.063132 5.198236
-1.568522 -0.132228 5.232485
-1.665392 0.134954 5.235211
-1.306506 -1.042022 5.348635
-1.049562 -0.683088 5.320887
-1.362623 -0.910187 5.337512
-1.044119 1.408177 0.164645
-1.041561 1.689275 0.247871
-0.881314 1.569663 0.173153
-1.426381 0.226238 0.002103
-1.665988 0.282411 0.026237
-1.405304 0.436569 0.017029
0.022064 -0.796761 5.181263
0.070095 -0.715062 5.291576
-0.049018 -0.747123 5.288078
0.289802 -1.019726 4.985625
0.506656 -1.207723 4.90378
0.424714 -1.011993 4.959486
0.317094 -1.670976 1.016008
0.341211 -1.622731 0.939397
0.49596 -1.620815 1.024197
1.231765 -1.057049 1.077451
1.448175 -0.918403 1.207749
1.316088 -1.105025 1.291286
1.957671 -0.940641 2.159153
1.842915 -1.121726 2.316843
1.867556 -1.020579 2.133212
1.983537 -0.373088 1.598297
1.968376 -0.542459 1.696032
1.91229 -0.521863 1.567735
2.465762 -0.085746 3.746164
2.474193 0.054197 3.547701
2.418752 0.098008 3.887197
1.282664 -0.412601 4.885086
1.536196 -0.524247 4.79838
1.321973 -0.171338 4.930612
-1.882567 2.220759 2.490036
-2.0229 2.12225 2.66155
-1.916865 2.200141 2.759739
-1.374652 2.661994 2.929961
-1.443249 2.602463 2.760322
-1.63977 2.439962 2.967418
2.153912 1.733865 4.097595
2.264025 1.596889 3.933058
2.115569 1.822515 3.830999
2.272784 1.562373 3.624624
0.735894 0.183812 6.611512
0.702609 0.206635 6.447583
0.649071 0.356787 6.577083
0.16288 0.363214 6.516516
-0.063227 0.211797 6.412539
0.198553 0.310205 6.63956
-1.8415 1.739264 4.740119
-2.18072 1.605727 4.891692
-2.384146 -0.01671 5.001675
-2.661499 -0.192554 4.678041
-2.448948 -0.452489 4.919607
-0.947004 -2.491337 3.836166
-1.32635 -2.49865 3.87985
-1.368996 -2.501828 3.580578
-0.1372 -1.7595 4.8465
-0.484972 -1.857861 4.820132
-0.372337 -2.106846 4.630385
-1.9936 0.7674 0.48815
-2.16899 0.417903 0.654388
-2.224489 0.740207 0.749672
-2.644136 0.620983 1.544043
-2.577917 0.455143 1.335503
-2.66615 0.447036 1.540025
-2.938038 0.013926 2.342641
-2.890089 -0.134415 2.082457
-2.96507 -0.216667 2.412976
-2.73799 -0.073569 1.583642
-2.778311 0.143893 1.763483
-2.666694 0.208336 1.469684
-3.013029 -0.906753 3.691665
-3.04327 -0.601651 3.374955
-2.599927 -1.54295 2.565125
-2.37785 -1.76905 2.5093
-2.575699 -1.685066 2.895871
0.622192 2.534403 1.720361
0.532001 2.615428 2.009617
0.735577 2.582314 1.96214
0.726921 2.63733 2.179114
0.468025 2.684812 2.260102
0.676066 2.681868 2.351159
-0.007872 0.304733 6.303972
-0.353058 0.148317 5.917469
-0.264594 0.184594 6.069327
-0.589413 2.68084 4.704444
-0.841018 2.883573 4.09087
-0.960065 2.669723 4.610293
-0.3848 1.0455 5.2366
-0.217658 0.800289 5.303097
-0.243352 1.002755 5.262002
1.760451 -0.409167 1.201541
1.832879 -0.2996 1.258561
1.782471 -0.482408 1.28942
-0.986327 -2.399582 2.630013
-1.306987 -2.394914 2.718097
-2.263929 -1.960399 2.837401
-1.99695 -2.224569 3.177454
-2.294104 -2.008449 3.138629
0.233929 -0.29206 6.394907
0.343762 -0.296929 6.348573
0.311009 -0.148745 6.578959
0.262536 0.011924 5.958683
0.255294 0.004883 5.804978
0.207535 0.103699 5.760589
2.200862 0.20875 2.063365
2.196671 0.377983 2.100001
2.249349 0.229877 2.210297
2.24155 -0.2349 2.1692
2.259528 -0.077727 2.199656
1.795238 -1.308013 2.704842
1.8639 -1.30575 2.9069
1.75189 -1.370156 2.82125
1.37359 -1.705076 2.762287
1.4743 -1.51675 2.4896
1.50465 -1.5868 2.79645
2.49535 -0.2089 3.4398
2.473089 -0.193409 3.126968
2.40895 0.312714 2.889421
2.39275 0.301 2.793
-2.000075 2.097149 2.08406
-2.115122 1.999832 1.962001
-2.26427 1.713665 1.424002
-2.140873 1.806304 1.271412
-2.288038 1.525093 1.187015
0.011907 -1.417962 0.559011
-0.210106 -1.295152 0.417748
-0.005194 -1.3128 0.429634
-0.437654 -0.939073 0.166556
-0.669894 -0.756385 0.126043
-0.593644 -0.746985 0.101885
1.299345 2.103853 1.142503
1.395952 1.948828 1.065488
1.256507 2.085671 1.034181
0.395728 2.354054 1.14981
0.582309 2.406102 1.264675
0.566154 2.346571 1.083041
-0.882266 1.805239 0.280942
-0.843294 1.928457 0.357571
-0.734953 1.891525 0.314485
-0.492477 2.095366 0.472009
-0.599911 2.17044 0.556179
-0.389937 2.217243 0.648754
-2.727798 -0.880988 1.885816
-2.441966 -0.46385 0.879988
-2.522767 -0.5631 1.100896
-2.600503 -0.409936 1.228164
1.160268 -1.133414 4.600757
1.413102 -0.994822 4.634926
1.188339 -0.882096 4.749147
0.387539 -0.778199 5.007819
0.542639 -1.00026 4.932737
0.566263 -0.764455 4.962379
-2.919046 0.720779 3.156829
-2.89072 0.927059 3.60158
-2.829144 1.109886 3.37356
-2.685719 1.195259 2.289364
-2.74849 1.118857 2.571653
-2.595335 1.481555 2.461406
0.444444 1.276173 5.300042
0.388222 1.379501 5.274937
0.242666 1.110774 5.289622
1.397639 2.083553 5.083601
1.182138 2.265976 4.971265
1.038887 1.972973 5.246037
-1.9446 0.8059 0.44345
-2.128088 0.924873 0.645542
-2.016024 1.060814 0.526656
-1.55399 0.633687 0.137527
-1.457507 0.750598 0.114524
-1.388956 0.630128 0.066338
2.02641 -0.883235 2.246526
2.069215 -0.918125 2.419678
1.975326 -1.034028 2.385919
2.129798 -0.253203 1.874164
2.108976 -0.443171 1.928794
0.464335 -0.353143 5.325908
0.002108 -1.551188 0.74186
-0.112573 -1.581717 0.788061
-0.181829 -2.103522 1.781243
1.88242 -1.357941 3.253173
1.706015 -1.471902 3.190733
1.859317 -1.325115 2.989632
1.979215 -1.309883 3.876657
1.764887 -1.361029 4.058016
1.768317 -1.420301 3.762785
0.629162 0.474511 5.350556
0.586447 0.428226 5.383546
0.603883 0.387782 5.337027
1.172223 1.75777 5.373246
0.8148 1.708147 5.329896
0.867709 1.282311 5.420132
-1.892326 -2.316736 4.270315
-2.375574 -1.997364 3.96273
-0.474464 -0.784946 5.231452
-0.622294 -0.841066 5.276433
-0.559946 -1.026768 5.197346
-0.461666 0.478537 5.385439
-0.464551 0.247329 5.649426
-0.282358 0.448329 5.601327
-0.396103 0.379357 5.56749
0.562783 -1.228207 0.496654
0.606692 -1.328167 0.652978
0.521474 -1.437827 0.738902
0.615905 -1.470239 0.864477
0.518734 -1.505531 0.836223
1.9234 1.12025 1.6633
1.930533 0.945788 1.632616
1.873915 1.175204 1.565774
1.395142 0.989496 0.748026
1.396073 0.793885 0.715928
1.078829 0.814993 0.377178
-0.379593 2.969445 3.4359
-0.464109 2.963774 3.135871
-0.641506 2.970251 3.302084
0.026493 2.915528 3.55242
0.46839 2.81331 3.646691
0.314006 2.85689 3.455555
1.935499 -0.970755 4.45001
2.027261 -1.198612 4.118651
2.25822 -0.967883 4.023057
1.925097 -0.315495 4.66354
1.829654 -0.575722 4.667901
2.135118 -0.468991 4.475429
-2.279983 1.944098 3.317567
-2.231042 1.967197 3.643554
-2.110155 2.055355 3.400203
-1.680692 2.213909 4.119248
0.943281 -2.214501 2.850699
0.902847 -2.149163 2.621029
1.03466 -1.850892 2.15989
0.801266 -1.976318 2.060719
0.892158 -1.823746 1.850791
-1.632017 -1.18648 5.361124
-2.280685 -0.538049 5.069062
-2.075635 -0.482239 5.170557
2.413636 1.047099 3.920368
2.407422 1.163937 3.776983
2.402659 1.186659 4.063032
1.971074 1.344512 5.065317
2.248284 1.287086 4.703974
2.159265 1.526587 4.622856
1.651801 -0.939494 1.576987
1.440978 -1.067165 1.44406
1.7028 -0.81245 1.47885
1.788665 -0.879388 1.719521
1.684057 -0.951457 1.650767
1.767602 -0.832712 1.614595
-0.983051 -1.199849 0.480305
-0.998978 -0.987209 0.29488
-0.850179 -1.087193 0.380043
-2.301083 -0.553953 0.654445
-2.082932 -0.661575 0.406683
1.47625 2.4505 4.164768
1.59972 2.363364 3.984681
0.762928 2.684604 4.075049
0.61694 2.753411 3.830377
0.457481 2.737328 4.023643
-1.83615 0.5121 5.2256
-1.404424 0.466047 5.240396
-1.521079 0.857733 5.225384
-1.20419 1.059158 5.204807
-1.046985 1.177357 5.162234
-1.410514 1.205409 5.176159
0.040329 -0.856095 0.059204
-0.204794 -0.89222 0.09357
-0.265746 -0.451471 0.03074
0.29973 -1.208642 0.355103
0.300405 -1.295895 0.45302
0.119823 -1.255945 0.371479
-1.740374 2.295101 2.059226
-1.697223 2.305696 1.895497
-1.828042 2.18975 1.833315
-1.365767 2.388425 1.321177
-1.320225 2.449685 1.422131
-1.24553 2.413263 1.234732
-2.736 1.21675 2.73285
-2.79795 1.10305 2.91975
-2.803102 1.116326 3.002873
-2.391452 1.853413 3.103675
-2.101527 2.07091 3.123338
-2.248746 1.956856 2.807341
2.142758 1.217317 2.28985
2.277759 1.07021 2.696879
2.170695 0.964903 2.260639
2.352844 1.306018 3.324501
2.399859 1.151859 3.523911
-2.615983 -1.73781 3.940526
-2.5419 -1.843 3.7034
-1.296775 1.777313 0.376008
-1.550882 1.826714 0.543233
-1.849345 1.095449 0.390149
-1.669516 0.97226 0.254486
-1.779916 0.847088 0.319386
-2.957271 -0.958377 3.023542
-2.783097 -1.303437 2.829863
-2.791342 -1.42221 3.290978
-2.874425 -0.365027 2.040604
-2.95385 -0.458381 2.411566
-0.697929 -0.181464 5.482948
-1.114697 -0.421345 5.305368
-1.2826 -0.7277 5.3163
-0.951945 -0.445676 5.316374
-0.993757 -1.918369 1.432605
-0.335414 -1.745365 1.059852
-0.553243 -1.848582 1.259048
-0.519936 -1.742908 1.075631
-0.754977 2.497249 1.07218
-0.583472 2.559886 1.215625
-0.414313 2.401432 0.925508
0.337287 2.261003 0.922601
0.202023 2.258601 0.951966
0.308897 2.302737 1.047454
0.431434 0.20196 6.750537
0.4418 0.3106 6.7575
0.41845 0.20045 6.74895
-0.066401 0.02031 6.475097
0.037444 -0.10202 6.506436
0.141011 0.024499 6.612194
-0.031367 -0.869386 5.089814
-0.104499 -0.813078 5.134194
-0.127511 -0.981465 5.078782
0.487554 -1.813837 4.747864
0.20545 -1.42305 4.90805
1.791548 2.178169 2.907167
1.85605 1.6653 1.8025
0.6129 -0.0557 6.47875
0.700411 0.064752 6.545351
0.591872 -0.039916 6.615604
0.476082 -0.056174 6.198509
0.398288 -0.129224 6.078233
0.378413 -0.099256 6.058599
2.05837 -0.022959 1.645422
2.097972 -0.181708 1.770918
2.263487 0.09184 2.224925
2.221821 -0.003889 2.082072
-2.472506 -0.163089 0.943562
-2.449997 -0.339922 0.87196
-2.554129 -0.260027 1.103083
-2.198416 0.257003 0.636659
-2.147239 0.016825 0.406992
-2.323362 0.092845 0.756726
-1.130232 0.239609 0.001176
-1.083315 0.446395 0.005837
-1.022265 0.252931 0.000641
-0.314439 0.170327 0.006797
-0.026976 0.21213 0.009178
-0.1641 -0.2565 0.0071
0.326801 0.59292 5.442472
0.2715 0.56655 5.4869
0.376346 0.542248 5.487443
0.056146 0.267588 5.757847
0.174468 0.369208 5.638761
0.045765 0.43214 5.635148
0.120945 -0.657021 5.313922
0.064991 -0.632066 5.399063
0.295233 -0.52795 5.196599
0.422467 -0.414587 5.245794
0.212949 -0.583227 5.270421
-1.422649 -0.073749 0.002668
-1.2605 0.0531 0.0032
-1.130318 -0.671424 0.005539
-1.3756 -0.74235 0.0163
-1.597 -0.6079 0.0043
0.536216 -0.329524 5.27639
0.636338 -0.254552 5.279221
0.566574 -0.254786 5.355193
1.038584 -0.362324 4.950643
0.875199 -0.18861 5.048998
0.769192 -0.246998 5.095297
-0.955776 2.823217 2.414904
-0.614933 2.837817 2.129753
-0.529806 2.853935 2.225181
-0.51595 2.973304 3.643899
-1.67955 2.377229 3.558884
-1.409142 2.613284 3.732088
-1.393545 2.655237 3.389977
0.684421 -0.01331 5.319556
0.708647 0.023665 5.254848
0.675095 0.131949 5.29787
0.473106 0.200692 5.540339
-1.760244 2.178502 1.495373
-1.874944 2.125282 1.651914
-1.648096 2.309837 1.711447
-1.810687 2.002125 1.069526
-1.629626 2.113607 1.05214
-1.671813 1.960368 0.810784
-2.715367 -0.76058 4.700199
-2.873599 -0.448805 4.312601
-2.985648 -0.598416 4.012502
-2.974319 -0.982311 4.031791
-2.911859 -0.841192 4.325803
1.16155 -2.1165 3.0953
1.2736 -1.9953 3.2549
0.38956 -2.447029 2.997314
-0.9989 -1.54245 0.869
-1.020434 -1.751207 1.16484
-1.378083 -1.685692 1.124182
-2.090189 -1.228514 0.984386
-0.421043 1.441674 5.180996
-0.773031 1.617083 5.137009
-0.53105 1.2201 5.1989
-1.195018 1.312084 5.115259
-0.326037 -0.722247 5.211662
-0.283623 -0.516243 5.565959
-0.273605 -0.576105 5.484236
0.940381 2.402512 1.373464
0.9883 2.327 1.1829
0.79375 2.395241 1.254949
0.999694 2.461217 1.663356
0.876426 2.472342 1.574738
0.982904 -1.569872 1.499258
0.852027 -1.593249 1.332039
0.981679 -1.486244 1.350573
0.770238 -1.455913 0.988412
0.915496 -1.451106 1.179745
0.801494 -1.533821 1.160261
0.381082 -0.220916 5.577796
0.312531 -0.313413 5.831809
0.34895 -0.3129 6.03035
0.267308 -0.389892 5.893126
0.720145 0.97545 5.387583
0.825635 0.813833 5.422588
1.012268 1.148787 5.463752
1.684173 0.906407 5.30438
1.325433 0.65003 5.314286
1.74845 0.76775 5.2036
-1.252694 -0.023133 5.263229
-1.166226 -0.21083 5.284131
-1.004791 0.069212 5.284989
-1.13845 0.2809 5.2797
-1.202821 0.121397 5.266593
0.482693 2.284347 0.920128
-2.860377 0.088523 2.011112
-2.810014 0.263565 1.924721
-2.569428 1.180749 1.682611
-1.324424 -2.393805 4.371913
-0.877197 -2.39732 4.183023
-0.790177 -2.162571 4.592501
-1.250059 -2.227073 4.67259
-1.215037 -1.919049 5.01882
-1.539116 -2.198199 4.759916
0.295651 2.800681 2.649367
0.165398 2.792182 2.434973
0.376935 2.842729 3.267382
0.539197 2.807794 3.477113
0.4637 2.8246 3.20445
1.95295 0.8428 1.65195
2.060298 1.153949 2.017332
-0.444306 -0.522125 5.471176
-0.375764 -0.448761 5.578294
-0.473815 -0.378051 5.565882
-0.583101 -0.094686 5.610381
-0.443898 -0.134588 5.798132
-0.52059 -0.007687 5.711781
-0.15604 1.274279 5.225836
0.285454 1.60391 5.215143
-0.037072 1.638582 5.183477
0.044138 1.182504 5.259721
-1.973734 -2.029413 2.431387
-2.007874 -2.130922 2.824454
-2.183011 -1.965023 2.644376
-1.813407 -1.844364 1.754282
2.183918 -0.543555 2.193828
2.130225 -0.513863 2.036163
2.171713 -0.417791 2.072121
2.336313 -0.656466 2.768001
2.253745 -0.786902 2.664896
2.293663 -0.591392 2.568527
0.057503 0.615775 5.515479
-0.003577 0.533154 5.568725
0.122442 0.553158 5.540222
-0.181083 0.665352 5.500073
-0.173005 0.549438 5.556255
-0.071546 0.634727 5.522667
0.501938 0.016925 6.716433
0.438265 0.000162 6.709822
0.467191 -0.067916 6.646796
0.346611 0.10898 6.722953
0.433734 0.148622 6.75404
0.396566 0.176278 6.740671
1.063014 -1.796191 4.471185
0.748357 -1.893355 4.668251
0.855373 -2.04533 4.534222
-2.258637 1.210582 0.887532
-2.091759 1.193544 0.644033
-2.389493 1.251018 1.196471
2.461538 -0.445151 3.154087
2.363228 -0.677376 2.886709
2.347118 -0.80343 3.003072
2.30335 -0.7782 2.8091
1.387879 -0.768003 0.958187
1.40727 -0.664903 0.886118
1.512007 -0.585996 0.958446
0.834379 -0.87786 0.415818
-0.017523 -2.496488 2.955929
-0.16219 -2.491837 2.908944
0.092012 -2.428854 2.758016
-0.1948 -2.263 2.18495
-0.224185 -2.355379 2.447413
-0.329871 -2.27382 2.192431
0.235846 0.205236 5.681157
0.1274 0.211287 5.771992
0.242554 0.053907 5.982234
0.240027 0.164869 6.108171
0.371177 0.076657 6.16473
1.803676 -0.247187 1.175935
1.86196 -0.177784 1.252995
1.980582 -0.040592 1.466739
-1.398907 -1.355236 5.402397
-1.253383 -1.537426 5.298335
-1.144217 -1.33677 5.338728
-0.748976 -1.043324 5.267498
-0.920966 -1.365775 5.246097
-0.013009 1.666065 0.106464
0.171225 1.839166 0.16333
0.631948 1.882626 0.144817
-0.720244 2.051998 0.439867
-0.54423 1.972665 0.358747
-0.938174 -0.517767 0.003401
-0.928851 -0.350259 0.002894
-0.820526 -0.3934 0.003174
-0.840014 -0.637448 0.063161
-0.711364 -0.663075 0.086501
-2.862514 0.333505 4.344294
-2.909953 0.606492 4.125747
-2.578134 1.637438 4.16756
-1.683632 2.393185 2.703463
-1.280809 2.683697 2.431643
-1.13996 2.76557 2.498921
-1.0701 2.7696 2.29
-2.6521 0.024561 1.384476
-2.644125 -0.256343 1.321743
-2.87277 -0.569093 2.134007
-2.827014 -0.739778 2.086304
-2.915022 -0.669396 2.409892
-1.514424 -1.373875 0.71454
-1.260536 -1.494162 0.838629
-1.698012 -1.543881 1.074928
-1.201816 -1.220445 0.494884
-0.9861 -1.35505 0.64855
-0.186398 2.56146 1.39681
0.006913 2.441561 1.269386
-0.141727 2.385631 1.057571
-0.20829 2.765395 1.989318
-0.100437 2.692289 1.818598
1.696777 2.026785 1.89919
1.650752 2.153586 2.104661
1.745465 2.024275 2.047913
1.530235 2.20824 1.903551
1.575501 2.091496 1.712915
1.402028 2.280873 1.805963
0.700737 1.850387 5.193337
0.725764 2.070601 5.058569
0.468602 2.006984 5.052509
0.48925 2.6187 4.3871
0.680664 2.615645 4.306666
0.013902 -2.558487 3.309504
-0.572596 -2.542653 3.439548
-1.762776 1.538345 4.997646
-1.773657 0.952689 5.221314
1.248652 -1.888562 2.798188
1.154988 -1.958232 2.679216
1.2255 -1.5509 1.9424
1.06187 -1.670844 1.844193
-1.051024 1.190612 0.112855
-1.21461 1.022902 0.101256
-1.170316 1.40199 0.192817
-1.225461 1.575923 0.253338
-1.297773 1.271071 0.186201
-1.455811 1.430804 0.269343
0.589625 0.58924 5.39769
0.692221 0.642472 5.374556
0.596554 0.664163 5.395605
0.437588 0.548474 5.46822
0.467045 0.630522 5.426297
0.36829 0.63743 5.392103
-0.821132 1.891847 5.112619
-0.578386 1.861709 5.129877
-0.668057 2.264191 5.073411
-1.511126 1.425964 5.050762
-1.087628 1.760453 5.079953
-1.41625 1.714236 4.890961
2.415763 0.027018 2.808648
2.36625 0.0332 2.5672
2.352808 0.154379 2.548415
2.0433 0.0855 4.603
2.209826 -0.163078 4.418307
2.401608 -0.106599 4.03776
2.020421 0.544371 4.724821
2.152143 0.379912 4.486583
2.305927 0.385182 4.194408
1.795577 1.185234 1.393566
1.827231 0.947563 1.427276
1.78445 1.2009 1.3724
1.543486 1.777097 1.137929
1.515135 1.901153 1.227383
1.636083 1.680315 1.225108
2.149712 0.514605 2.02067
2.150126 0.32162 1.942776
2.091834 0.51849 1.860608
1.952903 0.131218 1.416466
1.981656 0.199351 1.488571
2.030989 0.140537 1.592249
0.6436 0.3009 6.7689
0.513757 0.422383 6.695871
0.409287 0.331255 6.357081
0.178939 0.259748 6.191018
0.4001 0.4662 6.5889
0.319262 -1.547702 0.80769
0.412537 -1.484213 0.747586
0.232453 -1.374981 0.538299
1.195827 2.60764 4.05704
0.956441 2.680639 3.984
0.966215 2.637043 4.180868
0.727131 2.770353 3.462547
0.8011 2.75695 3.40225
0.388163 -2.564064 3.782701
0.604069 -2.443017 3.174113
0.726654 -2.43485 3.297871
0.473776 -2.525598 3.448066
-2.6096 -1.5762 2.6846
-2.704878 -1.541219 3.098508
-2.807357 -0.949589 2.253439
0.817632 2.520312 1.729174
0.884544 2.571911 2.018316
1.212101 2.429138 1.947435
1.310211 2.415806 2.131367
1.5893 -1.54725 3.09435
1.579605 -1.560273 3.217369
1.470419 -1.678248 3.168113
1.36976 -1.750081 2.88581
1.534787 -1.572668 2.838487
1.968695 -1.332538 3.69544
1.772491 -1.43886 3.450444
1.512352 -1.644491 3.38755
1.767858 2.213671 3.904691
1.762246 2.238904 3.587396
1.573511 2.390818 3.773552
2.075902 1.878281 3.446167
2.051176 1.910913 3.6287
2.182002 1.705983 3.449157
0.694608 -0.211871 5.207549
0.628968 -0.283312 5.140554
1.110945 -1.551084 4.452522
0.934596 -1.620551 4.642806
0.625834 -1.192735 4.882607
-2.913042 0.606264 2.811968
-2.862714 0.823273 2.842314
1.031446 -0.041332 5.036559
0.932739 0.070625 5.09251
0.846678 0.008444 5.092207
0.717645 0.056217 5.137759
-0.645687 0.211208 5.512636
-0.569902 0.230236 5.557204
-0.575402 0.331286 5.466336
-0.582409 0.049161 5.624878
-1.948253 1.360362 0.546131
-1.524181 1.550623 0.337628
1.824794 1.99479 2.276114
1.777043 2.10172 2.414022
1.924863 1.959523 2.642419
2.019529 1.783915 2.638114
1.919721 1.849751 2.331378
-2.765016 0.434978 1.857917
-2.8195 0.46465 2.07215
-2.761495 0.686974 2.01445
-2.817875 0.621563 2.199921
-2.82943 0.77829 2.481896
-2.79265 0.77905 2.24175
0.749308 -2.279864 2.779391
0.855646 -2.267596 2.875331
0.857369 -2.319467 3.025559
0.681312 -2.338881 2.887711
-0.636723 -1.354398 5.117108
-0.597306 -1.490279 5.044991
-0.394245 -1.443624 5.007728
-0.454475 -1.227223 5.094597
-0.404793 -0.708466 5.252293
-0.411919 -0.641283 5.346047
-0.495203 -0.675444 5.303855
-0.352541 -0.538548 5.501574
2.242936 1.259945 2.69371
2.306209 1.200022 2.926807
2.114123 1.686399 2.872368
-1.669601 -1.095302 0.429345
-1.318566 -1.063501 0.310042
-1.50265 -1.2052 0.48665
-1.618667 -0.76028 0.067088
-1.605445 -0.618996 0.009572
0.079313 -1.14373 0.259978
-0.559642 -0.706642 0.077505
-0.598899 2.391706 0.867265
-0.783599 2.365132 0.831223
-1.132802 2.271384 0.851439
-1.167137 2.15102 0.700288
-1.306513 2.166007 0.809123
2.396674 0.722395 3.119786
2.412395 0.731655 3.286573
2.422174 0.510884 3.237462
2.438579 0.432937 3.613002
2.40597 0.70475 3.739514
2.376256 0.545996 3.927897
-2.277269 -1.54209 1.760047
-2.067056 -1.533748 1.445045
-2.152807 -1.683259 1.854152
-2.496932 -1.60231 2.38201
-2.350893 -1.625848 2.078701
0.198835 0.622095 5.460489
0.26145 0.7489 5.3283
0.155666 0.726508 5.32423
-0.778793 -1.792909 1.192445
-0.764118 -1.670403 1.006619
1.868534 0.436314 1.328103
1.849406 0.603958 1.362468
1.768797 0.976405 1.322269
0.503971 2.729338 2.501679
0.350503 2.737241 2.409342
0.210454 2.634251 1.885037
0.075768 2.62761 1.762503
0.003271 2.734554 2.025474
1.11841 2.31927 1.353343
1.19699 2.325578 1.508539
1.140421 2.159341 0.99418
1.153938 2.22107 1.148504
0.452341 2.235083 0.812978
0.600296 2.272575 0.856189
0.648121 2.252788 0.797694
0.852412 2.345207 1.118147
1.017846 2.28453 1.114058
0.8276 2.28455 0.94155
-0.157171 0.279135 5.847581
0.004699 0.241083 5.841702
0.063146 0.287694 6.197874
0.198926 0.378272 6.417977
-0.007319 -0.69352 5.351242
-0.264521 -0.682334 5.345551
-0.193099 -0.734428 5.262703
-0.187004 -0.657157 5.394089
-0.827694 -1.299747 0.572718
-0.666082 -1.227163 0.454253
-0.5427 -1.05165 0.2737
-0.685374 -0.870282 0.197693
-0.500169 -1.074319 0.280215
-1.26295 0.95205 0.09325
-1.173463 0.86542 0.061461
-1.234472 0.747055 0.047495
-2.399702 1.854005 3.339067
-2.50713 1.76312 3.511486
-2.363465 1.869699 3.784115
-2.585333 1.575178 2.757803
-2.627513 1.541005 3.091015
-2.4555 1.7784 2.8895
1.750358 2.116513 4.47456
1.953318 1.058652 5.139718
1.702531 1.099577 5.330572
-1.192265 2.767848 2.745541
-1.053247 2.849839 2.956331
-0.852225 2.938321 3.572717
-0.954493 2.901874 3.186048
-0.5895 2.74928 1.762036
-0.781668 2.74716 1.785164
-1.6563 -2.45955 3.58075
-1.772743 -2.229544 2.702579
-0.141328 0.733204 5.455599
-0.077459 0.736462 5.466514
-0.364911 0.848308 5.266078
-0.398297 0.65104 5.322425
-0.355934 0.697898 5.312048
-1.593826 2.480833 3.228994
2.219672 -1.118889 3.349458
2.064963 -1.270147 3.486432
1.75588 -0.264578 1.104403
1.684928 -0.343541 1.034315
1.649424 -0.272879 0.933557
1.496886 -0.486067 0.856043
-0.36964 2.558672 1.264763
-0.149092 2.247123 0.807871
-0.189163 2.124208 0.611598
1.631576 0.440884 0.904509
1.796353 0.219841 1.115328
1.804748 0.02938 1.107092
1.930994 0.203438 1.381393
0.60723 1.555463 5.290744
0.466941 1.613909 5.231936
0.715993 1.27757 5.378989
0.612814 1.052274 5.350408
-2.659952 -0.747899 1.563267
-2.741268 -0.596911 1.698285
-2.678501 -0.472522 1.457401
-2.725952 -0.336183 1.567029
-2.811605 -0.490906 1.865763
0.44365 -0.218 6.2049
0.557183 -0.089263 6.34383
0.475479 -0.201648 6.307729
-1.928578 2.051012 1.472377
-2.336503 1.646677 1.505086
-2.20685 1.89945 1.77505
-2.161493 1.881724 1.526517
-2.40845 1.78735 2.43785
-2.398312 1.765878 2.1887
-2.470881 1.701442 2.423587
-2.300722 1.901339 2.646937
-2.277962 1.911979 2.528852
-2.412414 1.797321 2.607479
-1.504422 2.496562 2.182083
0.923881 -0.787233 4.850141
0.644054 -0.703599 4.946003
0.839749 -0.982957 4.807384
0.546496 -0.391265 5.076421
1.540596 -1.208677 1.8934
1.8864 -0.9648 2.0504
1.744772 -0.955101 1.758375
1.806615 -0.956088 1.880595
2.485626 -0.421569 3.567121
2.469411 -0.536985 3.368853
2.009462 -0.741445 4.497908
2.373586 -0.569076 4.091489
-0.794797 -0.135572 5.409662
-0.965719 -0.127332 5.300084
-0.939554 -0.015572 5.301054
-1.876086 -0.953234 5.307194
-2.125583 -1.046062 5.252499
-0.107158 -0.352375 6.123569
-0.260556 -0.2988 5.960701
-0.128658 -0.388579 6.005382
-0.333225 -0.220696 5.919382
-0.50845 -0.24064 5.625004
-0.324835 -0.325099 5.781938
1.651979 -1.380269 2.5628
1.626094 -1.429044 2.642722
1.531211 -1.514456 2.627195
1.73315 -1.18495 2.22455
1.721978 -1.128307 2.082064
1.745983 -1.197287 2.28902
1.959126 -0.180038 4.659173
1.798864 0.340764 4.848149
1.754336 0.515667 4.97213
-0.505788 -2.11224 4.617849
0.10595 -2.48361 4.166423
-0.107981 -2.561887 3.825036
0.233766 -2.58294 3.700041
-1.206733 -0.39601 0.00432
-1.329544 -0.349699 0.005403
-1.180774 -0.26783 0.003579
-1.063443 -0.476552 0.003186
-1.010399 -0.226557 0.002359
2.046843 0.278514 1.672446
2.162647 0.096739 1.929188
2.087389 0.141466 1.734649
2.120181 0.261104 1.851846
0.328464 -0.672218 5.042185
0.192818 -0.729931 5.055733
0.292748 -0.869101 5.013203
0.480128 -0.623982 5.017817
0.436547 -0.526563 5.052029
1.907642 -0.807352 1.883329
1.868891 -0.650757 1.615007
2.423226 -0.556982 3.032414
2.379003 -0.47156 2.769721
2.448811 -0.308806 2.97522
2.408469 -0.179876 2.757401
0.377779 -2.162607 2.15444
0.55457 -2.129005 2.191859
0.666433 -2.174328 2.400587
0.486588 -2.234903 2.430284
-0.290185 2.952738 3.708627
0.287926 2.825962 3.847068
2.308833 -0.766014 4.129345
1.446732 -0.810991 4.729055
0.6504 0.3234 6.4335
0.420925 0.000182 6.15537
-0.405383 2.002524 5.127963
-0.330183 2.434768 4.96881
-0.114307 2.273782 5.023716
0.3784 1.9045 5.1163
1.138942 2.571874 2.547539
1.017358 2.590898 2.352015
0.827292 2.69531 2.664307
1.166267 2.517594 2.281956
1.114099 2.523406 2.173882
-2.724334 -1.578652 3.907936
-2.919758 -1.196781 3.60957
-2.815404 -1.401937 4.09497
-2.82786 -1.170751 4.463593
0.722748 -0.075153 5.22675
0.7426 -0.133997 5.143681
0.764094 -0.038639 5.128052
0.591753 0.377973 5.404359
0.59538 0.263769 5.429706
0.626602 0.307273 5.331421
0.591483 0.149801 5.438171
0.638627 0.11418 5.382007
1.045849 -1.176543 0.968994
0.938188 -1.217981 0.870354
1.004564 -1.081388 0.824012
0.965069 -1.340404 1.087104
2.0806 0.948 4.9682
2.192776 0.714134 4.575716
0.363908 -0.006198 5.640425
0.293459 -0.005584 5.721267
0.329602 -0.166709 5.716104
0.334508 -0.132203 5.90153
0.328966 -0.092113 5.973791
0.358703 -0.168767 5.983199
1.821517 -0.157019 1.16646
1.776943 -0.035416 1.060805
-1.432944 2.089428 4.704074
-1.356147 2.4776 4.460532
-1.026532 2.347293 4.944548
-1.24839 2.081104 4.917551
-1.029152 1.931808 5.075227
0.667289 -1.559107 1.051101
0.6314 -1.89075 1.67615
2.042258 0.864748 1.866597
2.03898 1.05781 1.919093
2.101263 0.890377 2.028798
2.07899 0.688855 1.890038
-0.745392 -0.353349 5.403505
-0.694424 -0.282237 5.459733
-0.770851 -0.22 5.415416
-0.545477 -0.532836 5.425018
-0.69782 -0.508397 5.373348
0.177138 -1.593152 0.835123
0.020696 -1.644279 0.892491
0.177114 -1.907449 1.444348
0.190582 -1.081464 4.989463
0.367514 -1.218289 4.92719
-0.09021 -1.004945 5.059166
1.896276 2.099872 3.25302
1.631814 2.346905 3.390739
0.167864 -0.604998 5.339598
0.295908 -0.494097 5.308867
-2.682891 1.440893 4.246458
-2.799943 1.193024 4.043428
-2.740608 1.237295 4.36579
-2.451313 1.284356 4.934452
-2.558301 1.536241 4.526638
-2.705558 1.143373 4.583972
-1.01622 2.214075 0.705619
-2.383968 1.64563 1.688336
-2.382003 1.719862 1.919721
-2.488102 1.467263 1.773901
-0.96119 1.284387 5.147921
-0.284756 0.856868 5.272604
-1.976021 0.586725 0.465683
-1.599947 0.680348 0.180896
-1.650237 0.747519 0.215684
1.372435 -1.705984 3.853822
1.298379 -1.824343 3.957454
1.316294 -1.927889 3.697399
1.24392 -1.590282 4.237576
1.368815 -1.48683 4.157466
1.291656 -1.368658 4.345957
0.849789 -1.061799 0.583808
1.339778 -0.621684 0.766737
-2.452029 -1.791326 2.825242
-2.384918 -1.995854 3.658155
-0.0415 -2.38873 2.579625
-0.371095 -2.416239 2.61067
-1.289676 0.608304 5.238317
-0.983572 0.942389 5.212356
-1.168872 0.932725 5.225537
-0.950896 0.599922 5.267291
1.2606 -1.7105 2.36745
1.327586 -1.690021 2.555808
1.227674 -1.771104 2.440781
1.136 -1.7806 2.22705
-1.028243 2.880954 3.402025
-1.200696 2.798458 3.353818
-1.198578 2.79691 3.573045
1.017228 -1.976937 2.404332
1.130786 -1.947168 2.57606
1.033678 -2.032914 2.562209
0.902769 -2.085637 2.455121
0.78893 -2.165544 2.51004
-2.60086 0.323382 4.858901
-2.292472 0.76576 5.133306
-2.147914 1.09902 5.168608
-2.222763 1.248883 5.114388
-0.089036 2.900692 2.89037
-0.160961 2.887743 2.683325
0.1174 2.893311 3.14592
-0.14039 2.923899 3.099047
-3.037231 -0.11006 3.117045
-3.012404 -0.185745 2.727185
-3.046357 -0.339932 3.081279
-3.023944 -0.517913 2.889147
-2.993977 -0.443716 2.62391
-2.946607 -0.772328 2.677164
-2.190085 -0.422451 0.411079
-2.310348 -0.126845 0.629018
2.336116 1.460338 3.840248
2.386101 1.304437 3.663019
2.386462 1.33266 3.84623
0.645862 -1.03207 0.365455
0.772409 -1.055246 0.493958
0.280541 -1.086759 0.241092
0.34565 -1.2011 0.36235
0.142093 -1.102309 0.229989
-1.850386 -1.282371 0.803372
-1.981531 -1.177396 0.796298
-1.918803 -1.077337 0.607011
1.508421 -1.101639 1.612932
1.332554 -1.247836 1.56678
-2.600074 0.117421 1.287931
-2.525324 0.274539 1.171582
-2.559744 -0.083516 1.143144
2.281719 -1.040077 3.831502
2.145359 -1.205447 3.754776
-0.328434 -0.693321 5.30372
-0.314889 -0.629958 5.398089
2.207802 0.535723 2.198988
2.275185 0.471361 2.392313
2.251734 0.339307 2.256392
2.324379 0.57164 2.626604
-1.142163 0.421367 0.008333
-0.862136 0.860419 0.032101
-1.036884 0.699527 0.016211
-1.063252 0.918741 0.056998
0.492032 -0.436962 5.058404
0.6783 -0.58015 4.97075
0.264962 0.094068 6.685596
0.322935 0.207943 6.715459
0.194692 0.204951 6.655769
0.057014 0.207111 6.558037
0.219849 0.305387 6.659655
2.471077 -0.013817 3.153576
2.446842 0.195656 3.124345
2.46391 0.176103 3.346006
2.439593 0.433429 3.387388
2.42395 0.600213 3.547134
1.150653 2.642639 3.38374
1.113368 2.665394 3.539747
1.365873 2.539729 3.653857
-0.308014 2.802024 2.119075
-0.196781 2.830077 2.306189
-0.152755 2.792462 2.162117
0.134599 -0.696572 5.253188
0.200572 -0.640332 5.181644
0.186673 -0.627894 5.267817
0.268273 -0.553716 5.124966
-2.026978 -1.538073 5.228815
-2.342791 -1.231323 5.100906
0.311529 0.327866 5.616707
0.272652 0.097637 5.690975
0.347696 0.118734 5.623838
-1.739114 1.453094 0.420127
-1.620112 1.201701 0.26417
1.062402 -2.110827 4.297576
1.23615 -1.96675 4.0282
1.209251 -1.835253 4.215941
1.092583 -2.283486 3.513948
1.217321 -2.127139 3.702915
1.094893 -2.256977 4.010507
-0.360323 -1.573854 4.952449
-0.08832 -1.455877 4.946026
-0.2886 -1.2934 5.0224
-0.142781 -1.135752 5.035449
0.076565 0.208398 5.852146
0.10285 0.18305 5.948
0.152331 0.128638 5.869265
-0.030332 0.259768 5.96779
0.038877 0.225275 5.933157
1.319883 -0.338197 0.554863
1.098119 -0.458816 0.395152
1.004984 -0.265034 0.228984
1.133953 -0.081837 0.275202
1.391244 0.074931 0.493709
-0.800019 0.065792 0.001565
-0.970775 0.319384 0.001138
-0.4836 -0.21645 0.0047
-0.623418 -0.404622 0.00358
-0.713234 -0.476114 0.01275
-0.72853 -0.286402 0.002901
1.657369 -0.779491 1.363969
1.867906 -0.303134 1.320384
1.848061 -0.489927 1.416029
0.047271 0.694279 5.455815
0.036819 0.774694 5.323422
0.56596 -0.143868 5.418372
0.640655 -0.026921 5.383348
0.498783 -0.110168 5.482816
0.671438 -0.136694 5.322055
-1.389703 2.452587 1.560231
-1.578408 2.315901 1.518916
-0.117009 -0.172239 6.359836
-0.446104 -0.032225 5.83259
-0.365664 0.011503 6.004082
-0.456861 0.094702 5.780307
-1.359034 0.748209 0.066853
-1.118436 0.575854 0.016763
0.604269 0.072846 6.723272
-1.552507 2.491603 2.467242
-1.641743 2.42142 2.543097
-1.509649 2.535989 2.579721
-1.609037 2.430195 2.309606
-1.769479 2.293949 2.290908
-1.699156 2.366575 2.457826
-1.893449 -1.986666 4.927468
-1.927907 -2.133645 4.670828
-2.301613 -1.925337 4.530032
-2.190516 -1.849699 2.31671
-0.1974 2.9144 2.8707
-0.834148 1.719434 0.229339
-0.73714 1.692241 0.205108
-0.801852 1.581783 0.166391
-0.54426 1.842554 0.269075
-0.388996 1.906477 0.303751
-0.607848 1.481854 0.11429
-1.760225 -1.741603 1.485971
-1.947207 -1.724461 1.656575
-1.862786 -1.63005 1.381644
-1.945916 -1.474971 1.191911
2.43884 0.085196 2.968263
2.448703 -0.126406 2.946831
1.64375 1.5655 1.15775
0.310011 -2.283938 2.444726
0.393547 -2.327482 2.619565
1.985759 1.345947 1.892802
-1.689753 -2.412105 3.343362
-1.726382 -2.339979 3.046554
-1.407553 -2.478894 3.25826
-1.197148 -2.453249 2.971941
0.418845 -0.132184 6.590181
0.4376 -0.0368 6.6862
0.240282 -0.032549 6.65396
-2.095364 2.012746 3.907546
-2.042251 2.086438 3.571
-2.339958 1.817081 4.198082
-2.393408 1.81839 4.029284
2.02015 -0.67785 1.9455
2.347869 1.381864 3.485243
-2.429677 -0.609764 0.928036
-2.3608 -0.32465 0.69165
-2.35518 -0.255688 0.686692
0.004158 0.972986 5.294781
-0.156965 1.035039 5.263716
-1.6025 2.23655 1.3246
-0.998108 -0.964334 5.31482
-0.767765 -0.809899 5.304276
0.131113 -0.935556 5.033617
0.036653 -0.948488 5.047839
0.02876 -1.086313 5.018223
0.131198 -0.731246 5.15536
0.068 -0.821727 5.102971
0.143196 -0.78174 5.069518
1.220745 0.096899 5.026192
1.222417 0.029019 5.007337
1.807788 -0.090272 4.765292
1.82673 0.175768 4.788922
1.522141 0.089091 4.92939
-0.814907 2.822014 2.169405
-0.866969 2.77018 1.964318
-0.985002 2.766465 2.110127
-1.093864 2.663527 1.810661
-1.256546 2.600252 1.879389
-1.082814 2.713138 2.011983
0.647382 0.199015 5.347337
0.711144 0.178576 5.180036
0.656162 0.268357 5.234851
0.650581 0.20944 5.280288
0.377448 -0.121405 5.603918
0.314209 -0.28738 5.741198
-0.332594 -1.362459 0.512814
-0.200558 -1.244535 0.364235
-0.338033 -1.188724 0.328815
-0.994176 1.870008 0.348938
2.341189 0.229688 4.106717
2.406171 0.266581 3.859403
2.23903 0.224801 4.335562
2.359214 0.088204 4.102268
2.24177 -0.403702 2.251316
2.203314 -0.338047 2.102111
2.197187 -0.218932 2.037527
2.371284 1.091956 3.204077
2.345946 0.999422 2.973323
2.350777 1.105822 3.083794
0.873594 2.182115 5.006933
0.88389 2.011507 5.16361
1.097992 2.598297 4.288999
1.32179 2.533662 4.23157
-0.173836 -2.558905 3.304743
-0.463339 -2.548852 3.58121
-0.498988 -2.405319 4.183635
1.663873 -0.265432 4.809237
1.287057 -0.728763 4.805599
1.312634 -0.662268 4.820845
-0.502004 -1.661347 4.943557
-0.982704 -2.052487 4.781157
-0.9712 -1.814799 5.001903
2.147553 1.467668 2.533183
2.20594 1.548743 3.041594
2.242016 1.395777 2.875794
0.30256 1.053022 5.300905
-2.595262 -0.653855 1.335153
-2.159478 -1.086668 0.900461
-2.886791 0.226163 2.194738
-2.901673 0.407665 2.436755
0.193475 2.47868 1.469833
-0.032085 2.586284 1.555949
-2.809563 -1.105546 2.535998
-2.890739 -0.987451 2.692523
-2.889146 -0.870929 2.503974
0.580095 0.09852 6.317392
0.554608 0.00169 6.293397
-0.296386 -1.095731 0.240303
-0.180836 -1.067556 0.205111
-0.141376 -1.195655 0.314851
-2.698086 -1.243495 2.325227
-0.672698 -2.13874 1.839256
-0.613556 -2.046705 1.632812
-0.414124 -2.047274 1.63676
-0.493098 -2.108867 1.770067
0.887947 -2.415824 3.514448
0.983834 -2.264193 3.091239
1.107095 -2.205968 3.210147
1.006419 -2.302033 3.271496
1.612685 1.379687 5.340405
1.75446 1.85216 4.917653
1.488814 1.822113 5.220954
1.180559 1.142745 5.511382
1.081777 0.913448 5.479386
1.317852 1.056847 5.474357
2.165571 -0.331815 2.000363
-3.005891 0.216347 3.250094
-3.03145 -0.0574 3.32205
1.78534 1.40041 1.419329
1.868649 1.406506 1.623357
1.685789 1.434594 1.206002
1.700308 1.542892 1.274668
1.735615 1.39012 1.307077
0.887868 -0.606223 4.919013
1.088809 -0.701591 4.855137
1.010605 -0.486413 4.925451
0.76968 -0.657349 4.926516
0.297648 0.396389 6.643379
0.3437 0.358418 6.714637
0.434388 0.447505 6.673744
0.387495 0.361141 6.730187
-1.87345 0.4793 0.35455
-1.912612 0.287513 0.299237
-2.072397 0.478998 5.183641
-2.19602 0.039303 5.10627
-2.037087 -0.064745 5.162435
-1.347124 1.073883 0.141965
-1.425897 1.023463 0.146638
-2.693832 0.518406 1.649773
-2.689595 0.800157 1.816182
-1.897695 2.221301 3.032915
-1.769401 2.324856 3.146708
-1.815711 2.282927 2.848933
-0.173558 0.197744 6.249529
-0.07157 0.282918 6.132363
-0.166402 0.254586 6.058861
-2.555828 1.680992 3.286367
-2.797259 1.236518 3.699976
1.827932 1.899548 2.084916
1.86098 1.712622 1.905205
1.967781 1.650213 2.151461
2.056387 1.63455 2.454862
-2.148462 -2.168835 3.45222
2.040772 0.389326 1.694212
1.991984 0.34605 1.564704
-0.752202 0.672717 5.265784
-0.65665 1.0348 5.21195
1.932008 -0.217163 1.402147
1.923267 -0.07011 1.344536
1.896521 0.035191 1.284353
1.898057 0.128198 1.29803
1.938366 0.042685 1.37784
1.448216 2.087128 1.397268
1.734043 1.866392 1.727671
-1.695174 -2.456659 3.789893
-1.910504 2.146658 1.943062
-1.962064 2.077154 1.739719
-2.030036 2.005109 1.610611
-2.434679 0.891001 1.119911
-2.310101 1.06068 0.922757
-2.294863 0.858947 0.851422
-2.268616 0.559853 0.800732
-2.448369 0.527815 1.078596
2.467996 -0.30554 3.801472
2.490618 -0.20056 3.612627
0.52185 0.431428 5.492475
0.548838 0.336514 5.485932
0.57126 0.525888 5.437069
0.481549 0.577204 5.441255
1.032 0.8282 5.4645
0.650717 0.359857 5.284416
0.732599 0.40571 5.266007
1.621658 -1.505402 3.66498
1.480137 -1.580008 3.763764
1.5086 -1.62795 3.577
0.846372 -1.322581 0.884702
0.769365 -1.307844 0.771992
0.690382 -1.40122 0.829881
-0.425989 -1.562268 0.788303
-0.758207 -1.550011 0.839504
-0.467025 -1.690225 0.985246
-0.233313 -1.646391 0.888829
0.485176 0.854489 5.34913
0.509584 0.731448 5.381769
0.566214 0.840647 5.366501
0.85265 2.7421 3.60685
-0.083921 0.547004 5.569135
-0.104313 0.453239 5.633757
0.025316 -1.996887 4.719604
-0.18953 -2.315808 4.418325
0.098598 -2.202036 4.56277
-3.023 -0.54565 3.7847
-2.968349 -0.120132 3.949531
-2.724603 0.758481 4.706517
-2.816386 0.810598 4.441271
-2.810602 0.70336 4.496484
-2.879891 0.718995 4.227145
-2.84189 0.884762 4.308385
-2.859783 0.963471 4.080492
0.743742 -2.130669 2.367567
-1.650024 -1.016735 5.343006
-1.495496 -0.918302 5.331969
-1.38965 -0.454081 5.278914
-1.756732 -0.574851 5.268306
-0.372958 2.075358 0.479528
0.105569 2.077517 0.622574
-0.100334 2.041317 0.546411
-0.366225 -0.577139 5.444315
-0.32282 0.626133 5.400245
-0.267622 0.609868 5.481078
-0.225129 0.699842 5.443426
-0.259198 0.549998 5.533439
-0.378121 0.462717 5.511692
-2.825922 -0.080878 1.840166
1.017767 2.523964 1.96715
0.993231 2.560803 2.130692
1.110097 2.496085 2.028316
0.815136 2.646403 2.325526
1.900976 -0.178085 1.330548
1.893149 -0.38581 1.421071
-2.080372 -1.857587 2.145826
-1.833465 -1.987259 2.111637
-1.9619 -1.840467 1.928871
0.747382 2.296845 0.932372
0.760193 2.322638 1.013578
2.304981 -0.01139 2.339673
-1.6631 -0.464963 0.020955
-1.229176 -0.510988 0.004499
1.561388 0.526774 5.113475
1.175578 0.428551 5.19901
1.441543 0.351404 5.048664
1.499712 0.616297 5.229969
2.348068 0.717875 2.810484
2.3918 0.7707 3.1151
2.379369 0.941024 3.139694
1.504656 -1.153154 1.704748
-1.107628 1.037711 0.087708
-0.869163 1.17302 0.084021
-2.366423 0.202774 0.874889
-2.396404 0.352258 0.957424
-2.164578 1.46535 0.89054
0.928646 -1.505153 4.662848
0.66005 -1.3796 4.83835
0.66435 -1.27285 4.85675
0.979809 -1.379583 4.619757
1.021822 -1.201402 4.625187
-1.022785 -0.617707 0.0104
-0.742515 -0.560947 0.036696
-1.036799 2.770621 2.232757
-0.787229 2.856072 2.326515
-0.648613 2.889796 2.438848
0.588535 0.4098 6.46017
0.51344 0.448531 6.5109
-1.300736 2.69314 2.605248
0.636613 -1.63187 1.151611
0.747511 -1.599791 1.207732
0.707139 -1.684903 1.316219
0.577722 -1.744736 1.31998
1.250013 -1.188228 1.314244
1.101362 -1.334641 1.302694
1.138552 -1.18446 1.128187
-0.911714 0.075024 0.001402
-0.970273 -0.059074 0.001811
-0.883431 -0.237635 0.002547
-0.808112 -0.276587 0.002773
1.27346 2.478166 2.369751
1.422071 2.408371 2.454732
1.458154 2.339143 2.214125
-2.332238 1.804755 2.009055
-2.3143 1.8432 2.0732
-1.000304 -0.269146 5.303831
-0.825942 -0.284007 5.334741
-0.866854 -0.162025 5.325802
1.134471 2.389827 1.605947
-1.835465 -0.656347 0.140634
-1.769092 -0.901066 0.283994
-2.2084 -0.8912 0.7567
1.312841 -1.883916 3.051665
1.224041 -1.997105 3.009684
-1.224773 0.602654 0.033416
-1.271375 0.293576 -0.001321
-1.863225 2.179473 3.75445
-1.728835 2.357067 3.33277
2.312884 1.321557 3.102915
2.259195 1.538885 3.32682
0.321281 2.764163 4.094319
0.113147 2.839619 4.008342
1.429338 2.040996 1.279414
1.297795 2.173035 1.296909
0.260494 -0.403163 5.786724
0.052032 -0.462171 5.96085
0.799755 2.448947 1.441502
-0.172098 -0.480941 5.707853
-2.627604 0.912113 4.851722
-2.446542 0.821991 5.050666
-1.521186 -0.028965 5.243689
-1.468493 0.204505 5.247201
-1.302429 0.24967 5.258334
-0.865817 1.475681 5.132093
-1.201429 1.420862 5.094134
-0.901473 2.08344 5.064349
-0.597037 -2.412347 2.599322
-0.50417 -2.470948 2.838528
-1.063339 -2.499763 3.182495
-1.012858 -2.463445 2.92466
0.253005 -2.237809 2.283367
0.059481 -2.291841 2.338872
-0.230274 -0.050817 6.259005
-0.807885 -0.978603 0.28855
-0.760153 -0.924242 0.248568
-0.695294 -0.41724 5.42873
-0.791798 -0.413194 5.360717
-1.089026 -1.652954 5.17688
-1.439994 -1.695037 5.250443
-1.740228 -1.505247 5.343036
0.262502 0.265259 6.692334
0.331114 0.278453 6.71783
0.362933 0.296956 6.729075
2.443218 -0.653736 3.733311
-0.812715 0.078845 5.410254
-0.75113 0.119446 5.452042
-0.878661 0.102037 5.329856
-0.827487 -0.048288 5.376752
-1.093737 2.829642 3.886742
-1.333038 0.9346 0.104229
-1.520448 0.847514 0.16033
2.129412 0.741052 2.054537
1.620501 -1.176709 1.989326
1.666957 -1.074362 1.859607
0.040783 2.776214 2.220498
0.314679 2.706721 2.223597
-1.189792 -0.846869 0.106164
-0.72067 0.192523 5.468672
-2.664282 -1.672143 3.48733
-2.636724 -1.665913 3.160247
-2.533483 -1.823858 3.366976
0.276374 2.853262 3.049122
0.039104 2.891045 2.939145
2.007907 1.932391 4.036073
1.89147 2.047975 4.192411
1.992822 1.897402 4.291882
1.937181 2.048589 3.639817
1.919693 2.062198 3.903041
-1.394316 2.601247 2.359283
-1.484869 2.53829 2.390998
-1.418715 2.599286 2.505728
-2.673251 1.109477 2.064923
1.376324 2.53294 3.934818
2.3529 -0.88155 3.24505
2.421816 -0.67549 3.207765
0.316453 0.034031 6.699193
0.444124 0.075664 6.753884
0.401526 0.085995 6.741683
1.5958 1.64675 1.09785
1.315509 1.575678 0.577304
1.315134 1.494876 0.543457
0.757362 1.642311 0.024899
0.106736 -1.50986 0.694696
0.25248 -1.464692 0.659316
-1.45094 -2.178144 2.1636
-1.58221 1.90197 4.653487
-1.58865 1.747216 4.776644
-1.071255 0.604198 5.262547
-1.342337 0.929435 5.22612
-0.965111 0.253765 5.304358
-0.370108 0.320818 5.665945
0.366198 -0.242975 5.997339
0.328512 -0.232136 5.824518
0.402 -0.1631 6.0758
0.186255 2.681761 2.000946
0.34774 2.608554 1.911344
0.877132 -0.955265 0.521805
1.167513 -0.555474 0.528399
1.205562 -0.65889 0.640389
0.140994 -1.426812 4.917828
2.351145 1.410256 4.126479
2.250602 1.551247 4.302747
-1.533194 2.439959 1.940093
-1.379742 2.539084 1.884474
-1.429411 2.474456 1.719337
-1.583584 2.380886 1.824546
1.293791 1.389725 5.465456
1.107166 1.33977 5.467275
-0.262477 2.323014 0.867564
-0.511571 2.917495 2.61417
2.180193 -0.078479 1.969474
2.124632 -0.065791 1.818854
-2.616682 -1.372976 4.698418
-2.565899 -1.592137 4.557635
-2.647876 -1.122446 4.82282
1.1691 2.5184 4.5168
1.234568 2.530503 4.422205
0.514923 2.36187 4.76505
0.811521 2.528455 4.492404
-0.924604 2.018615 0.451309
-1.15865 1.9558 0.47055
-1.102659 2.07873 0.581801
-0.893662 2.216525 0.662061
0.051592 2.344911 1.11814
0.147531 2.41261 1.289395
-0.094098 -0.699916 5.349164
-1.168813 -0.062064 0.002692
-1.39175 -0.01885 0.00085
-0.252445 -0.126719 6.177592
-0.342252 -0.12361 6.003587
-0.232118 -0.229147 6.112643
1.848511 0.300555 1.242695
1.817923 0.588331 1.291059
0.339091 0.47927 5.536799
-1.546289 -2.352506 2.821992
-2.919808 -0.156048 4.124701
-2.743496 0.347967 4.639605
-2.585465 0.57766 4.910654
-2.793857 0.56685 4.557673
-0.277501 0.73542 5.349333
1.922824 -0.635581 1.700333
1.977228 -0.622821 1.789299
2.035969 -0.520204 1.826093
-0.71225 1.14015 5.1921
-0.781969 1.160259 5.182635
-0.790586 1.53686 5.138855
-2.080718 -0.836408 5.245596
-1.695447 -0.758498 5.301036
2.453683 0.278451 3.557308
2.419901 0.321336 3.766776
1.866827 1.963583 4.521546
1.947763 1.601133 4.89498
0.101246 -1.018944 0.163893
2.050125 -1.02675 2.54987
2.173002 -0.838286 2.52943
0.200172 2.196941 0.83061
1.856194 -0.020018 1.20573
0.650318 -2.497014 3.539884
1.784106 2.220352 3.359759
1.864441 2.14027 3.519517
-2.897006 0.785715 4.04634
-2.892555 0.899436 3.865856
1.49085 -0.38755 0.78795
2.33024 0.600546 4.129598
2.206313 0.59301 4.454854
0.995374 -2.206172 2.932425
1.948744 1.347145 1.799481
1.995004 1.192555 1.853305
-0.125476 2.942767 3.588401
-0.290865 2.951407 3.188386
-0.14735 2.92015 3.88595
-1.286823 2.733598 3.072992
-0.475095 0.675516 5.287574
-0.519094 0.923869 5.240919
-0.40345 0.546 5.36565
0.277356 -0.474801 5.407417
0.215397 -0.548676 5.354012
0.374595 -0.426357 5.323575
1.570118 -1.152137 1.829794
1.385209 -0.023656 4.94907
0.751872 2.315287 4.823876
0.144845 2.282939 4.955665
0.312966 2.207435 4.962885
0.198722 0.081594 5.901994
0.164495 0.135508 5.788918
0.127715 0.159679 5.846599
-1.735791 1.760331 0.61317
1.243784 -1.362025 1.60663
1.106765 -1.394373 1.414615
0.320524 -0.167087 5.805161
0.306066 -0.075611 5.819237
1.875725 0.744323 1.466449
-1.766371 2.089552 1.220076
-1.959188 1.949144 1.207644
-0.986981 2.35359 0.89823
-1.019889 2.468595 1.143511
2.404427 0.195649 2.812286
2.304458 0.367481 2.452613
2.282813 0.249887 2.317153
-0.241032 2.643637 4.725487
-0.057942 2.760992 4.413133
-2.459048 -1.238177 1.619554
-2.530205 -1.003927 1.516603
0.874722 -0.097259 5.055922
1.087998 -0.246415 4.967041
-0.343014 -1.250051 5.052439
-0.345046 -1.099443 5.09732
1.320583 1.937893 0.910362
0.613545 2.201093 0.653944
1.17035 2.09505 0.9156
-0.473253 -1.06212 5.148777
-0.420173 -0.874529 5.179338
1.313164 -1.827402 2.884553
0.694129 -0.163562 5.280807
0.7211 -0.08085 5.26115
0.311361 -2.513264 3.191215
0.090621 -2.578201 3.458656
0.297578 -2.560629 3.428282
-0.085929 -1.724374 1.018089
0.144818 -1.765346 1.139794
0.464904 -2.378827 2.818171
0.202797 -2.348626 2.567374
-1.923329 1.192263 5.205955
-2.064968 0.833426 5.185358
-0.634193 -0.242398 5.5087
-0.609904 -0.176143 5.560038
-1.462163 -0.25052 0.006738
-1.657257 -0.060886 0.009439
-2.434227 1.448422 1.504298
0.176686 -0.449503 5.893485
0.1051 -0.43545 6.0782
2.415572 1.027207 3.66005
2.418461 0.801233 3.664641
-0.444531 1.943591 0.329674
-0.745078 1.799328 0.261824
0.446534 -1.792061 1.325189
-2.375816 -1.430837 1.745133
0.147344 0.137686 5.964276
0.046504 0.233239 6.018793
0.257935 0.23332 6.205555
1.868076 -0.738263 1.712975
-0.733354 -1.817525 4.895079
-2.79202 -0.273908 1.754469
-2.813584 -0.170142 1.809955
0.694348 -2.373244 3.010428
-2.477517 -1.867134 4.173413
-2.240587 -2.058768 4.295075
-0.128524 -0.608758 5.46969
0.330507 -0.541488 5.084299
-0.567745 -1.971007 1.483304
-0.75099 -1.966594 1.492553
1.130315 -1.036038 0.916616
1.064135 -0.96826 0.766998
1.616892 -0.458503 1.00742
1.728761 -0.360526 1.116964
0.685937 -1.623138 4.774688
0.379642 -1.435235 4.875743
1.424649 -0.852481 1.081798
1.257896 -0.874061 0.893839
1.290742 -0.912411 0.979945
2.448609 0.335025 3.352682
2.432872 0.392076 3.180987
2.43589 0.299581 3.117924
1.764154 -0.660597 1.427595
1.84436 -0.580963 1.488972
-0.528176 -1.666007 0.957744
-0.087869 0.2735 5.986005
-0.733335 2.239042 0.651485
-0.562543 2.286505 0.71348
-0.762894 2.158689 0.554717
1.157436 -1.289755 4.495029
1.480718 2.114072 1.535106
1.658859 1.923564 1.601719
-2.444894 0.720969 1.098094
-2.551949 0.779188 1.355462
-1.382066 2.283976 1.09724
-1.630866 2.193904 1.256861
-2.393696 0.402748 5.06327
-2.190531 0.25798 5.135647
-1.725607 2.036401 4.380069
-2.181165 1.918338 4.107733
0.704537 2.354192 1.104632
1.642824 1.148309 1.1199
1.739095 0.907875 1.255185
1.725639 0.737495 1.195483
-1.532724 0.962842 0.180703
-1.420274 0.910331 0.117696
0.560785 2.788579 2.969369
0.757325 2.739303 2.897538
-0.438512 -2.236865 2.080133
-0.554155 -2.270141 2.161011
-0.563604 -2.191071 1.952564
0.3902 -0.2783 6.14505
0.46995 -0.158 6.5274
0.853189 2.60495 2.136737
2.2574 1.5325 3.2869
2.348692 1.214017 3.190764
1.572162 -1.39643 2.403345
1.772769 -1.244866 2.466754
1.921989 -1.124808 2.48903
0.322564 2.661368 2.067099
-1.81846 2.267982 3.370602
-1.932672 2.173537 3.474697
-1.892627 2.220734 3.208245
-0.878052 -2.520831 3.609788
-0.495932 -2.501543 3.909174
2.09259 0.39896 1.824266
2.168173 0.195022 1.964968
0.344104 0.316773 6.719823
-0.639719 2.860985 2.259763
0.605511 -0.002791 6.364567
0.664222 0.105202 6.404458
0.854148 0.54785 5.336001
1.417878 0.896528 5.40966
1.426464 2.449952 2.821755
0.387189 -1.3159 0.515885
0.462064 -1.265306 0.490426
0.502491 -1.121543 0.351902
-1.230463 2.415327 4.739465
1.591096 -1.467318 3.913982
0.551886 1.329805 5.322834
0.533172 1.095868 5.331682
0.69224 1.359909 5.361745
0.38688 1.047257 5.309504
0.821783 -2.053354 2.261477
-0.831592 1.389728 0.121328
1.97322 -0.193846 1.481814
1.262244 -1.78998 2.624245
2.366807 1.166807 4.374621
2.316805 0.997519 4.511856
1.60815 -1.4099 2.53845
-0.728104 -2.415803 2.631824
-0.658322 -2.44679 2.742515
-1.806435 -0.332055 5.227431
-1.461212 -0.341996 5.260627
2.0841 -0.7384 2.15935
2.147313 -0.729147 2.298014
-2.721243 1.384713 3.33184
-0.2836 0.05995 6.16155
-2.452853 1.625586 1.987612
-0.860204 -0.497482 5.346406
-0.758711 2.948281 3.114894
-0.876768 2.907999 2.954624
0.401449 -1.424156 0.656823
2.217446 -0.617075 2.362688
1.979005 0.351551 4.706498
2.347968 -0.290981 4.201066
0.181824 0.469536 5.580589
0.291514 0.41644 5.582314
1.777856 -0.176679 1.100054
1.665619 -0.008217 0.869104
-2.051426 0.400862 0.525153
-1.728427 0.353268 0.141972
-2.523851 0.168299 1.140196
-1.80659 2.269222 2.37713
-1.856171 2.204426 2.074795
1.087948 -0.77834 0.613105
1.008151 -0.691175 0.462637
1.177569 -0.793685 0.702422
1.195106 -0.828842 0.763705
0.066532 -1.737072 4.832851
-0.094792 -1.787818 4.830294
-0.829823 -0.12799 0.00222
1.113157 2.457171 1.850983
0.363636 0.409794 6.689974
-0.241095 1.475018 5.195544
-0.444588 -1.229018 0.393368
-1.228239 -2.511606 3.517423
-2.956579 0.451096 3.844488
-2.919481 0.690379 3.954093
-2.943399 0.665172 3.700137
-2.977515 0.436741 3.35772
-0.238283 2.046441 0.493654
-0.336692 2.003371 0.412453
-0.432413 2.005217 0.384871
-0.89964 -1.626723 5.109159
-1.68706 -2.44536 4.070675
-3.020375 -0.844214 3.369618
-0.497338 0.110672 5.681008
-0.680317 0.085638 5.528757
0.989242 -2.098895 2.632582
1.073093 -2.057335 2.693298
0.306448 0.655697 5.378525
0.269962 0.69513 5.342905
2.046105 0.486016 1.741395
2.040771 0.572635 1.75999
0.7297 2.756498 3.695397
-0.479822 -0.612825 5.36914
-0.863479 1.710181 5.120162
-2.067684 2.091536 2.874869
-2.178014 -0.309428 0.372384
-1.740834 -2.141947 2.39931
-1.643483 -2.129819 2.236803
-0.264629 -1.949015 1.443288
-0.000474 -1.806482 1.18648
-2.945291 0.633424 3.287362
-1.20925 0.28675 -0.00215
-1.191724 -1.170498 5.359427
-0.910071 -1.108104 5.301587
1.644272 -1.033639 4.547307
1.712929 -1.232776 4.33608
-1.029593 2.802093 4.188622
1.666704 1.740954 1.379727
1.723944 1.613371 1.36509
-0.888888 0.391687 5.29704
-0.763222 0.401094 5.307955
0.905931 -2.029032 2.328023
-2.505327 -0.862367 4.97668
-1.653852 -1.691229 1.300896
2.376976 -0.188962 2.621265
2.368211 -0.087784 2.569963
1.720099 -0.593317 1.287518
1.606043 -0.779911 1.275801
-0.946622 0.562083 0.008979
1.064173 2.670534 3.885442
1.218817 2.621958 3.779855
-0.07911 -1.021152 0.163761
-1.946055 0.221059 5.205254
-1.917474 0.394176 5.216874
-1.730874 0.335852 5.229596
0.869874 -2.411114 4.027962
1.468579 -1.66665 3.00405
1.408808 -1.761402 3.150226
1.3352 -1.86405 3.1021
-2.48915 -0.8509 1.23385
-0.710538 -0.544943 0.032601
-2.873094 -0.797372 2.34073
-2.368272 -1.986648 3.371199
0.17521 0.282649 6.630126
-1.93736 -0.775456 5.280679
1.693605 2.208473 2.492242
0.635151 0.759952 5.386374
1.190393 2.236382 1.249962
-3.038612 -0.536267 3.099748
-1.448354 0.3444 5.24579
-0.2736 0.8348 5.2763
-0.3848 1.0455 5.2366
-0.3848 1.0455 5.2366
-0.768492 0.015486 5.451519
0.878751 -1.761474 4.650773
-0.048827 0.269932 6.041575
1.040088 2.393358 1.459308
-1.421767 1.894292 4.797275
-1.332858 1.902233 4.892905
-1.182098 1.847257 5.024363
2.295767 0.139876 2.333615
2.25397 0.30114 4.301243
0.00504 2.263541 0.943543
-1.504627 0.53854 0.069489
0.866175 -1.704313 1.571296
-0.814578 -1.867115 1.319522
-2.571061 -1.465306 2.280276
-2.636818 -1.27046 2.141167
0.784016 -0.41414 0.126698
1.080461 2.672427 3.748879
-0.39196 2.873381 2.416525
0.256598 2.179747 0.769543
-2.852539 0.653837 4.383629
-0.75705 2.48725 4.92235
-1.437613 -0.962615 0.194386
-0.228438 0.235604 5.999702
-1.541633 -0.334005 0.006399
-2.75425 0.928251 4.590427
-2.723588 -1.332434 2.584364
-1.099441 -1.095838 0.378709
-1.94826 2.033082 4.08012
-1.415807 -2.477031 4.09867
1.886115 -0.053565 1.264688
-0.138899 -0.259971 6.252497
1.818968 0.71086 1.34603
1.5599 -1.3784 2.32495
2.225734 -0.098247 2.102921
-0.946508 -0.672356 0.050599
0.616662 2.785242 3.110239
0.902775 2.716614 3.126551
-1.042924 1.063788 0.083283
-0.948378 1.263728 0.112937
-0.038272 1.936924 0.415942
2.030607 1.753923 4.537284
1.494668 2.449212 3.377093
1.929832 2.024077 2.963831
0.476578 -1.352889 0.605334
-0.175674 2.082482 0.565397
-0.290511 -0.436001 5.676535
-0.159692 -0.43055 5.844947
-0.050423 -0.647958 5.410776
-1.14382 0.744579 0.034639
-0.290853 -1.476188 0.64881
-1.151071 1.791551 0.337475
1.999495 0.054053 1.512442
1.147917 -2.192583 3.362783
-0.137832 0.109632 6.383655
-0.00882 0.100262 6.519072
1.889687 0.999406 1.561602
-1.707431 1.245954 5.209864
-1.151812 -2.483826 3.134879
2.094425 0.050279 1.735916
-1.847321 0.728584 0.363775
-0.469805 -2.329491 2.326306
-0.269591 -2.540568 3.170519
-1.11612 0.982021 0.076779
-1.141746 0.933256 0.070431
-1.955851 0.372399 0.395887
-0.388515 2.682407 1.601467
-0.759673 2.599089 1.310253
-1.767624 1.22171 0.356851
1.586058 -1.100809 1.752067
1.60824 -1.024765 1.648846
0.553779 -0.064227 6.31857
0.554784 -2.410705 3.001416
0.867636 -2.358361 3.19906
0.935838 2.579219 4.358975
-0.389829 -0.965777 5.14787
0.54575 0.321261 6.394849
2.317351 0.231528 2.4409
-2.602738 -1.686187 4.269298
-0.932977 -2.4592 2.868701
-0.727565 -2.455913 2.802914
-0.30103 -1.260026 5.036154
-0.911368 2.815429 2.267012
-1.294062 2.550912 1.720232
1.634445 -1.52597 3.4321
-0.75345 2.9283 2.84785
-0.70075 2.9168 2.6881
-1.244207 0.425597 0.008502
0.514185 0.124844 6.770063
-0.308245 -1.280613 0.406461
0.373548 -1.049121 0.247026
0.677031 2.718863 2.590795
0.484239 2.801522 2.933941
1.607285 -0.382869 0.938956
1.6128 -0.4384 0.98685
-2.718167 0.347593 1.658452
0.535024 0.261145 5.499836
1.097628 -1.487042 1.56033
0.323069 -0.449094 5.371337
-0.740933 1.562449 0.153869
-0.66174 1.744306 0.226258
-2.3839 -0.676186 5.030972
0.99545 -1.8729 2.13295
-0.818896 -0.733482 0.11913
1.603991 1.472677 1.051788
1.449962 1.706506 0.870553
1.54111 1.724349 1.069823
-0.331147 -2.187666 1.967089
-0.657986 -2.085181 1.717644
1.041202 -0.819755 0.603755
0.1822 0.09495 5.85225
1.634848 -0.78464 4.683249
0.080561 2.880103 3.807521
2.392785 0.577834 2.998554
1.88754 0.873756 1.525144
1.799694 -1.106605 2.18582
0.196511 0.17456 5.732273
-2.248743 0.540612 5.137371
1.772374 0.785858 1.288777
-2.41065 -0.0297 0.8539
-2.46575 0.08355 1.0016
2.056624 0.248331 4.600555
0.285174 -1.827245 1.322308
-0.718074 1.041599 5.205418
-1.042054 -2.233339 4.567243
-1.159124 2.378537 1.072272
0.625777 2.306941 0.958462
1.024059 0.572404 5.328846
0.7023 -0.197 5.1834
-0.018458 -0.675353 0.022434
0.336792 2.22079 0.830235
1.025567 2.691155 3.337214
-1.524096 -1.918946 5.067924
2.372473 0.696047 2.931763
0.089369 0.124105 6.591298
0.396546 -0.498584 5.080913
0.473349 -0.41059 5.092714
0.361432 -0.581522 5.057358
-2.24212 1.882365 1.871072
1.856454 -0.821958 1.777578
-1.676359 0.846631 0.24408
-2.110934 1.903091 4.27634
-0.458666 -1.028264 0.234772
-0.897706 -2.433215 2.72961
-0.462382 -2.533587 3.162441
1.089016 2.292253 1.229874
2.342819 0.331515 2.588164
-0.714955 -1.90846 1.379318
-0.099191 -1.770767 1.10167
0.751842 -0.48223 4.983731
-0.856199 1.441345 0.137405
-0.594307 1.884876 0.295518
-0.288675 -1.00926 0.177317
0.827078 -0.638156 0.263127
0.19337 -1.2606 4.948902
-1.818513 0.233945 5.226277
0.669952 1.489454 5.330615
2.024168 -0.45412 1.738734
-0.028631 0.26931 6.045445
-0.064541 -0.571537 5.548055
-1.500758 2.561877 3.025907
0.6566 0.724608 5.393188
1.665891 1.296914 1.159002
-0.676565 2.11336 0.494643
-0.195539 -2.571041 3.535842
2.048157 0.074383 1.626405
-0.910099 1.796508 5.108704
0.63504 0.149039 6.750351
0.175304 -0.159252 6.540325
2.42899 -0.281268 3.982652
-0.78475 1.4266 5.14535
1.058158 2.669497 3.138069
0.397895 2.207614 0.763058
-2.635892 -0.926133 1.660507
0.430556 -0.131754 5.536264
1.485051 1.825161 1.07162
-1.305511 -0.197912 0.004593
-0.643862 -2.450349 4.026533
1.172364 -1.684119 4.342335
1.551404 -1.513597 2.68346
1.5599 -1.3784 2.32495
0.133791 2.781404 4.213639
0.793193 -0.14552 5.092543
0.16058 -0.054567 6.604786
0.513253 -0.170131 6.40585
1.494752 -1.378047 2.171752
2.021828 1.868876 2.884017
-0.55795 -0.71645 5.3011
-0.649413 0.50619 0.003848
-0.622715 0.671481 0.010711
-0.377334 0.581019 0.005893
1.543468 -1.09264 1.657025
0.56404 -0.108006 6.386672
0.6918 0.1692 0.0015
0.843253 0.057307 0.056855
0.815633 0.004034 0.050224
1.113523 1.682289 0.367182
1.21393 1.669543 0.494214
0.5865 1.7518 0.0195
0.188698 1.292813 0.011025
0.965302 1.256229 0.159467
0.487782 1.037435 0.007503
-0.573357 1.079828 0.037714
-0.35598 0.859992 0.014445
-0.625497 0.890134 0.020953
0.790794 0.618608 0.084425
0.621878 0.477928 0.011977
1.41467 0.555731 0.667302
1.398749 0.444157 0.570717
1.138327 0.118805 0.244995
0.956147 0.08817 0.115494
0.258945 -0.276119 0.010959
0.434603 -0.331663 0.006713
0.223936 0.313945 0.011196
0.444231 0.318238 0.012017
0.77955 -0.06125 0.041
0.815144 -0.206234 0.085518
0.218234 2.021847 0.457109
0.257204 1.964748 0.305517
0.497661 2.160396 0.579756
0.883793 2.129049 0.652634
1.309293 1.851779 0.79446
1.123653 1.852642 0.535082
1.267123 0.30063 0.365605
0.647059 0.812894 0.035922
1.43965 1.2767 0.76115
1.611252 1.020797 1.062396
1.582177 0.733673 0.950807
-0.035531 -0.264236 0.00905
-0.622113 0.149305 0.004228
-0.64155 0.56605 0.0051
-0.05203 0.472612 0.008729
0.40947 2.101158 0.482374
1.131247 1.753938 0.454948
-0.144809 1.557877 0.072494
-0.415607 1.5981 0.121717
-0.068026 1.837837 0.3059
-0.783824 0.981707 0.049331
-0.767452 1.245577 0.087205
-0.76786 1.107648 0.066802
1.11579 2.005179 0.70737
0.084816 1.585056 0.014748
0.002989 1.476214 0.014283
1.414737 1.589329 0.738001
1.541036 1.449367 0.919107
1.569341 1.342935 0.979264
1.340436 1.374354 0.590745
0.641403 -0.266846 0.011248
-0.295802 -0.054183 0.007159
-0.227733 1.723588 0.202371
1.543391 1.429451 0.924817
-0.129703 0.677622 0.008117
-0.865323 0.465248 0.002896
-0.842 0.79915 0.0192
-0.692715 0.790576 0.018452
1.585804 0.894742 1.011016
1.017073 -0.177159 0.213318
1.054384 -0.122851 0.225611
1.011334 -0.132964 0.19752
1.432202 1.640189 0.792102
1.445548 1.614782 0.798308
1.512451 1.568347 0.895404
0.091558 0.808579 0.011137
-0.444108 1.269249 0.043454
-0.765893 0.590405 0.008373
1.15579 0.634614 0.395971
0.73345 0.27435 0.0151
0.264107 0.019124 0.011804
0.615357 0.093646 0.008072
0.649192 2.003675 0.287995
1.00845 0.99285 0.31745
-0.301913 0.391304 0.006701
0.530082 1.782657 0.036111
0.934795 1.70315 0.196774
0.805015 1.486307 0.022452
-0.486553 0.760531 0.013603
-0.177059 1.037141 0.012393
0.396287 0.634704 0.012353
